! ANSYS APDL BATCH FILE GENERATED BY NVQLINK FEA ENGINE
/PREP7
! Geometry Definitions
K,1,3.5150,0.0150,0.0000
K,2,2.8994,2.1635,0.2297
K,3,1.0406,3.5294,0.4595
K,4,-1.2808,3.4536,0.6892
K,5,-3.0444,1.9492,0.9189
K,6,-3.4847,-0.2281,1.1487
K,7,-2.5704,-2.1889,1.3784
K,8,-0.7431,-3.2298,1.6082
K,9,1.3409,-3.0350,1.8379
K,10,2.9711,-1.6623,2.0676
K,11,3.4918,0.4460,2.2974
K,12,2.6170,2.5345,2.5271
K,13,0.6011,3.6611,2.7568
K,14,-1.6947,3.2665,2.9866
K,15,-3.2256,1.5622,3.2163
K,16,-3.3920,-0.6558,3.4460
K,17,-2.2560,-2.4838,3.6758
K,18,-0.3268,-3.2955,3.9055
K,19,1.7228,-2.8497,4.1353
K,20,3.1722,-1.2877,4.3650
K,21,3.4301,0.8961,4.5947
K,22,2.2845,2.8634,4.8245
K,23,0.1351,3.7145,5.0542
K,24,-2.0948,3.0066,5.2839
K,25,-3.3762,1.1280,5.5137
K,26,-3.2526,-1.0738,5.7434
K,27,-1.8980,-2.7255,5.9731
K,28,0.1127,-3.2914,6.2029
K,29,2.0898,-2.6090,6.4326
K,30,3.3288,-0.8825,6.6624
K,31,3.3111,1.3390,6.8921
K,32,1.8869,3.1231,7.1218
K,33,-0.3612,3.6760,7.3516
K,34,-2.4658,2.6874,7.5813
K,35,-3.4707,0.6786,7.8110
K,36,-3.0754,-1.4811,8.0408
K,37,-1.5289,-2.9380,8.2705
K,38,0.5289,-3.2584,8.5003
K,39,2.4063,-2.3460,8.7300
K,40,3.4638,-0.4264,8.9597
K,41,3.1455,1.7761,9.1895
K,42,1.4814,3.3583,9.4192
K,43,-0.8223,3.6022,9.6489
K,44,-2.7692,2.3474,9.8787
K,45,-3.5056,0.2251,10.1084
K,46,-2.8465,-1.8544,10.3381
K,47,-1.1410,-3.1056,10.5679
K,48,0.9578,-3.1551,10.7976
K,49,2.7171,-2.0138,11.0274
K,50,3.5043,0.0043,11.2571

! Material Properties
MP,EX,1,200E9
MP,PRXY,1,0.3

! Results Data (Commented)
! Max Stress: 118.20 MPa
/SOL
SOLVE
FINISH
