! ANSYS APDL BATCH FILE GENERATED BY NVQLINK FEA ENGINE
/PREP7
! Geometry Definitions
K,1,3.4874,-0.0126,0.0000
K,2,2.8886,2.1527,0.2421
K,3,1.0378,3.5266,0.4842
K,4,-1.2749,3.4595,0.7263
K,5,-3.0237,1.9700,0.9684
K,6,-3.4790,-0.2224,1.2105
K,7,-2.5635,-2.1819,1.4526
K,8,-0.7222,-3.2089,1.6947
K,9,1.3383,-3.0376,1.9368
K,10,2.9613,-1.6722,2.1789
K,11,3.4862,0.4404,2.4210
K,12,2.6102,2.5277,2.6631
K,13,0.5878,3.6478,2.9052
K,14,-1.7163,3.2449,3.1473
K,15,-3.2267,1.5612,3.3894
K,16,-3.3898,-0.6536,3.6315
K,17,-2.2575,-2.4854,3.8736
K,18,-0.3089,-3.2776,4.1157
K,19,1.7252,-2.8473,4.3578
K,20,3.1724,-1.2875,4.5999
K,21,3.4239,0.8900,4.8420
K,22,2.2797,2.8587,5.0841
K,23,0.1175,3.6969,5.3262
K,24,-2.1025,2.9989,5.5683
K,25,-3.3752,1.1290,5.8104
K,26,-3.2752,-1.0964,6.0525
K,27,-1.9149,-2.7424,6.2946
K,28,0.1000,-3.3042,6.5367
K,29,2.0787,-2.6202,6.7788
K,30,3.3298,-0.8816,7.0209
K,31,3.3164,1.3443,7.2630
K,32,1.9127,3.1489,7.5051
K,33,-0.3646,3.6726,7.7472
K,34,-2.4592,2.6940,7.9893
K,35,-3.4755,0.6739,8.2314
K,36,-3.0843,-1.4901,8.4735
K,37,-1.5255,-2.9345,8.7156
K,38,0.5317,-3.2556,8.9577
K,39,2.4152,-2.3372,9.1998
K,40,3.4380,-0.4522,9.4419
K,41,3.1358,1.7664,9.6840
K,42,1.4935,3.3704,9.9261
K,43,-0.8178,3.6068,10.1682
K,44,-2.7454,2.3712,10.4103
K,45,-3.5114,0.2192,10.6524
K,46,-2.8350,-1.8430,10.8945
K,47,-1.1431,-3.1077,11.1366
K,48,0.9230,-3.1898,11.3787
K,49,2.7163,-2.0146,11.6208
K,50,3.4961,-0.0039,11.8629

! Material Properties
MP,EX,1,200E9
MP,PRXY,1,0.3

! Results Data (Commented)
! Max Stress: 124.56 MPa
/SOL
SOLVE
FINISH
