! ANSYS APDL BATCH FILE GENERATED BY NVQLINK FEA ENGINE
/PREP7
! Geometry Definitions
K,1,2.8000,0.0000,0.0000
K,2,2.7628,0.3562,0.1020
K,3,2.6808,0.7030,0.2041
K,4,2.5556,1.0347,0.3061
K,5,2.3899,1.3460,0.4082
K,6,2.1867,1.6320,0.5102
K,7,1.9498,1.8883,0.6122
K,8,1.6834,2.1109,0.7143
K,9,1.3923,2.2967,0.8163
K,10,1.0813,2.4428,0.9184
K,11,0.7560,2.5473,1.0204
K,12,0.4218,2.6090,1.1224
K,13,0.0842,2.6272,1.2245
K,14,-0.2510,2.6022,1.3265
K,15,-0.5786,2.5348,1.4286
K,16,-0.8930,2.4266,1.5306
K,17,-1.1894,2.2798,1.6327
K,18,-1.4630,2.0973,1.7347
K,19,-1.7096,1.8824,1.8367
K,20,-1.9254,1.6391,1.9388
K,21,-2.1072,1.3716,2.0408
K,22,-2.2524,1.0847,2.1429
K,23,-2.3591,0.7833,2.2449
K,24,-2.4259,0.4724,2.3469
K,25,-2.4521,0.1574,2.4490
K,26,-2.4378,-0.1565,2.5510
K,27,-2.3838,-0.4642,2.6531
K,28,-2.2913,-0.7608,2.7551
K,29,-2.1623,-1.0413,2.8571
K,30,-1.9994,-1.3015,2.9592
K,31,-1.8057,-1.5372,3.0612
K,32,-1.5847,-1.7449,3.1633
K,33,-1.3404,-1.9215,3.2653
K,34,-1.0771,-2.0645,3.3673
K,35,-0.7993,-2.1719,3.4694
K,36,-0.5118,-2.2423,3.5714
K,37,-0.2195,-2.2752,3.6735
K,38,0.0728,-2.2703,3.7755
K,39,0.3602,-2.2282,3.8776
K,40,0.6382,-2.1502,3.9796
K,41,0.9021,-2.0378,4.0816
K,42,1.1479,-1.8935,4.1837
K,43,1.3717,-1.7200,4.2857
K,44,1.5701,-1.5206,4.3878
K,45,1.7402,-1.2988,4.4898
K,46,1.8796,-1.0585,4.5918
K,47,1.9863,-0.8041,4.6939
K,48,2.0590,-0.5399,4.7959
K,49,2.0969,-0.2704,4.8980
K,50,2.1000,-0.0000,5.0000

! Material Properties
MP,EX,1,200E9
MP,PRXY,1,0.3

! Results Data (Commented)
! Max Stress: 27.50 MPa
/SOL
SOLVE
FINISH
