! ANSYS APDL BATCH FILE GENERATED BY NVQLINK FEA ENGINE
/PREP7
! Geometry Definitions
K,1,2.8000,0.0000,0.0000
K,2,2.7637,0.4492,0.0000
K,3,2.6559,0.8867,0.0000
K,4,2.4793,1.3012,0.0000
K,5,2.2384,1.6821,0.0000
K,6,1.9396,2.0194,0.0000
K,7,1.5906,2.3044,0.0000
K,8,1.2003,2.5297,0.0000
K,9,0.7790,2.6895,0.0000
K,10,0.3375,2.7796,0.0000
K,11,-0.1127,2.7977,0.0000
K,12,-0.5601,2.7434,0.0000
K,13,-0.9929,2.6180,0.0000
K,14,-1.4000,2.4249,0.0000
K,15,-1.7708,2.1689,0.0000
K,16,-2.0958,1.8567,0.0000
K,17,-2.3665,1.4965,0.0000
K,18,-2.5759,1.0975,0.0000
K,19,-2.7186,0.6701,0.0000
K,20,-2.7909,0.2253,0.0000
K,21,-2.7909,-0.2253,0.0000
K,22,-2.7186,-0.6701,0.0000
K,23,-2.5759,-1.0975,0.0000
K,24,-2.3665,-1.4965,0.0000
K,25,-2.0958,-1.8567,0.0000
K,26,-1.7708,-2.1689,0.0000
K,27,-1.4000,-2.4249,0.0000
K,28,-0.9929,-2.6180,0.0000
K,29,-0.5601,-2.7434,0.0000
K,30,-0.1127,-2.7977,0.0000
K,31,0.3375,-2.7796,0.0000
K,32,0.7790,-2.6895,0.0000
K,33,1.2003,-2.5297,0.0000
K,34,1.5906,-2.3044,0.0000
K,35,1.9396,-2.0194,0.0000
K,36,2.2384,-1.6821,0.0000
K,37,2.4793,-1.3012,0.0000
K,38,2.6559,-0.8867,0.0000
K,39,2.7637,-0.4492,0.0000
K,40,2.8000,-0.0000,0.0000
K,41,2.7857,0.0000,0.1020
K,42,2.7496,0.4469,0.1020
K,43,2.6424,0.8821,0.1020
K,44,2.4666,1.2946,0.1020
K,45,2.2270,1.6735,0.1020
K,46,1.9297,2.0091,0.1020
K,47,1.5825,2.2926,0.1020
K,48,1.1942,2.5168,0.1020
K,49,0.7750,2.6757,0.1020
K,50,0.3358,2.7654,0.1020
K,51,-0.1122,2.7835,0.1020
K,52,-0.5572,2.7294,0.1020
K,53,-0.9878,2.6047,0.1020
K,54,-1.3929,2.4125,0.1020
K,55,-1.7618,2.1578,0.1020
K,56,-2.0851,1.8473,0.1020
K,57,-2.3545,1.4889,0.1020
K,58,-2.5628,1.0919,0.1020
K,59,-2.7048,0.6667,0.1020
K,60,-2.7767,0.2242,0.1020
K,61,-2.7767,-0.2242,0.1020
K,62,-2.7048,-0.6667,0.1020
K,63,-2.5628,-1.0919,0.1020
K,64,-2.3545,-1.4889,0.1020
K,65,-2.0851,-1.8473,0.1020
K,66,-1.7618,-2.1578,0.1020
K,67,-1.3929,-2.4125,0.1020
K,68,-0.9878,-2.6047,0.1020
K,69,-0.5572,-2.7294,0.1020
K,70,-0.1122,-2.7835,0.1020
K,71,0.3358,-2.7654,0.1020
K,72,0.7750,-2.6757,0.1020
K,73,1.1942,-2.5168,0.1020
K,74,1.5825,-2.2926,0.1020
K,75,1.9297,-2.0091,0.1020
K,76,2.2270,-1.6735,0.1020
K,77,2.4666,-1.2946,0.1020
K,78,2.6424,-0.8821,0.1020
K,79,2.7496,-0.4469,0.1020
K,80,2.7857,-0.0000,0.1020
K,81,2.7714,0.0000,0.2041
K,82,2.7355,0.4446,0.2041
K,83,2.6288,0.8776,0.2041
K,84,2.4540,1.2879,0.2041
K,85,2.2156,1.6649,0.2041
K,86,1.9198,1.9988,0.2041
K,87,1.5744,2.2808,0.2041
K,88,1.1881,2.5038,0.2041
K,89,0.7711,2.6620,0.2041
K,90,0.3341,2.7512,0.2041
K,91,-0.1116,2.7692,0.2041
K,92,-0.5544,2.7154,0.2041
K,93,-0.9828,2.5913,0.2041
K,94,-1.3857,2.4001,0.2041
K,95,-1.7528,2.1468,0.2041
K,96,-2.0744,1.8378,0.2041
K,97,-2.3424,1.4812,0.2041
K,98,-2.5497,1.0863,0.2041
K,99,-2.6909,0.6632,0.2041
K,100,-2.7624,0.2230,0.2041
K,101,-2.7624,-0.2230,0.2041
K,102,-2.6909,-0.6632,0.2041
K,103,-2.5497,-1.0863,0.2041
K,104,-2.3424,-1.4812,0.2041
K,105,-2.0744,-1.8378,0.2041
K,106,-1.7528,-2.1468,0.2041
K,107,-1.3857,-2.4001,0.2041
K,108,-0.9828,-2.5913,0.2041
K,109,-0.5544,-2.7154,0.2041
K,110,-0.1116,-2.7692,0.2041
K,111,0.3341,-2.7512,0.2041
K,112,0.7711,-2.6620,0.2041
K,113,1.1881,-2.5038,0.2041
K,114,1.5744,-2.2808,0.2041
K,115,1.9198,-1.9988,0.2041
K,116,2.2156,-1.6649,0.2041
K,117,2.4540,-1.2879,0.2041
K,118,2.6288,-0.8776,0.2041
K,119,2.7355,-0.4446,0.2041
K,120,2.7714,-0.0000,0.2041
K,121,2.7571,0.0000,0.3061
K,122,2.7214,0.4423,0.3061
K,123,2.6153,0.8731,0.3061
K,124,2.4413,1.2813,0.3061
K,125,2.2042,1.6563,0.3061
K,126,1.9099,1.9885,0.3061
K,127,1.5662,2.2691,0.3061
K,128,1.1820,2.4909,0.3061
K,129,0.7671,2.6483,0.3061
K,130,0.3323,2.7370,0.3061
K,131,-0.1110,2.7549,0.3061
K,132,-0.5515,2.7014,0.3061
K,133,-0.9777,2.5780,0.3061
K,134,-1.3786,2.3878,0.3061
K,135,-1.7437,2.1357,0.3061
K,136,-2.0638,1.8283,0.3061
K,137,-2.3303,1.4736,0.3061
K,138,-2.5365,1.0807,0.3061
K,139,-2.6770,0.6598,0.3061
K,140,-2.7482,0.2219,0.3061
K,141,-2.7482,-0.2219,0.3061
K,142,-2.6770,-0.6598,0.3061
K,143,-2.5365,-1.0807,0.3061
K,144,-2.3303,-1.4736,0.3061
K,145,-2.0638,-1.8283,0.3061
K,146,-1.7437,-2.1357,0.3061
K,147,-1.3786,-2.3878,0.3061
K,148,-0.9777,-2.5780,0.3061
K,149,-0.5515,-2.7014,0.3061
K,150,-0.1110,-2.7549,0.3061
K,151,0.3323,-2.7370,0.3061
K,152,0.7671,-2.6483,0.3061
K,153,1.1820,-2.4909,0.3061
K,154,1.5662,-2.2691,0.3061
K,155,1.9099,-1.9885,0.3061
K,156,2.2042,-1.6563,0.3061
K,157,2.4413,-1.2813,0.3061
K,158,2.6153,-0.8731,0.3061
K,159,2.7214,-0.4423,0.3061
K,160,2.7571,-0.0000,0.3061
K,161,2.7429,0.0000,0.4082
K,162,2.7073,0.4400,0.4082
K,163,2.6017,0.8686,0.4082
K,164,2.4287,1.2747,0.4082
K,165,2.1928,1.6478,0.4082
K,166,1.9000,1.9782,0.4082
K,167,1.5581,2.2573,0.4082
K,168,1.1758,2.4780,0.4082
K,169,0.7631,2.6346,0.4082
K,170,0.3306,2.7229,0.4082
K,171,-0.1104,2.7406,0.4082
K,172,-0.5486,2.6874,0.4082
K,173,-0.9726,2.5646,0.4082
K,174,-1.3714,2.3754,0.4082
K,175,-1.7347,2.1246,0.4082
K,176,-2.0531,1.8189,0.4082
K,177,-2.3182,1.4660,0.4082
K,178,-2.5234,1.0751,0.4082
K,179,-2.6632,0.6564,0.4082
K,180,-2.7340,0.2207,0.4082
K,181,-2.7340,-0.2207,0.4082
K,182,-2.6632,-0.6564,0.4082
K,183,-2.5234,-1.0751,0.4082
K,184,-2.3182,-1.4660,0.4082
K,185,-2.0531,-1.8189,0.4082
K,186,-1.7347,-2.1246,0.4082
K,187,-1.3714,-2.3754,0.4082
K,188,-0.9726,-2.5646,0.4082
K,189,-0.5486,-2.6874,0.4082
K,190,-0.1104,-2.7406,0.4082
K,191,0.3306,-2.7229,0.4082
K,192,0.7631,-2.6346,0.4082
K,193,1.1758,-2.4780,0.4082
K,194,1.5581,-2.2573,0.4082
K,195,1.9000,-1.9782,0.4082
K,196,2.1928,-1.6478,0.4082
K,197,2.4287,-1.2747,0.4082
K,198,2.6017,-0.8686,0.4082
K,199,2.7073,-0.4400,0.4082
K,200,2.7429,-0.0000,0.4082
K,201,2.7286,0.0000,0.5102
K,202,2.6932,0.4377,0.5102
K,203,2.5881,0.8641,0.5102
K,204,2.4160,1.2680,0.5102
K,205,2.1813,1.6392,0.5102
K,206,1.8901,1.9679,0.5102
K,207,1.5500,2.2456,0.5102
K,208,1.1697,2.4651,0.5102
K,209,0.7591,2.6208,0.5102
K,210,0.3289,2.7087,0.5102
K,211,-0.1099,2.7264,0.5102
K,212,-0.5458,2.6734,0.5102
K,213,-0.9676,2.5513,0.5102
K,214,-1.3643,2.3630,0.5102
K,215,-1.7257,2.1136,0.5102
K,216,-2.0424,1.8094,0.5102
K,217,-2.3062,1.4583,0.5102
K,218,-2.5102,1.0695,0.5102
K,219,-2.6493,0.6530,0.5102
K,220,-2.7197,0.2196,0.5102
K,221,-2.7197,-0.2196,0.5102
K,222,-2.6493,-0.6530,0.5102
K,223,-2.5102,-1.0695,0.5102
K,224,-2.3062,-1.4583,0.5102
K,225,-2.0424,-1.8094,0.5102
K,226,-1.7257,-2.1136,0.5102
K,227,-1.3643,-2.3630,0.5102
K,228,-0.9676,-2.5513,0.5102
K,229,-0.5458,-2.6734,0.5102
K,230,-0.1099,-2.7264,0.5102
K,231,0.3289,-2.7087,0.5102
K,232,0.7591,-2.6208,0.5102
K,233,1.1697,-2.4651,0.5102
K,234,1.5500,-2.2456,0.5102
K,235,1.8901,-1.9679,0.5102
K,236,2.1813,-1.6392,0.5102
K,237,2.4160,-1.2680,0.5102
K,238,2.5881,-0.8641,0.5102
K,239,2.6932,-0.4377,0.5102
K,240,2.7286,-0.0000,0.5102
K,241,2.7143,0.0000,0.6122
K,242,2.6791,0.4354,0.6122
K,243,2.5746,0.8595,0.6122
K,244,2.4034,1.2614,0.6122
K,245,2.1699,1.6306,0.6122
K,246,1.8803,1.9575,0.6122
K,247,1.5419,2.2338,0.6122
K,248,1.1636,2.4522,0.6122
K,249,0.7552,2.6071,0.6122
K,250,0.3272,2.6945,0.6122
K,251,-0.1093,2.7121,0.6122
K,252,-0.5429,2.6594,0.6122
K,253,-0.9625,2.5379,0.6122
K,254,-1.3571,2.3506,0.6122
K,255,-1.7166,2.1025,0.6122
K,256,-2.0317,1.7999,0.6122
K,257,-2.2941,1.4507,0.6122
K,258,-2.4971,1.0639,0.6122
K,259,-2.6354,0.6496,0.6122
K,260,-2.7055,0.2184,0.6122
K,261,-2.7055,-0.2184,0.6122
K,262,-2.6354,-0.6496,0.6122
K,263,-2.4971,-1.0639,0.6122
K,264,-2.2941,-1.4507,0.6122
K,265,-2.0317,-1.7999,0.6122
K,266,-1.7166,-2.1025,0.6122
K,267,-1.3571,-2.3506,0.6122
K,268,-0.9625,-2.5379,0.6122
K,269,-0.5429,-2.6594,0.6122
K,270,-0.1093,-2.7121,0.6122
K,271,0.3272,-2.6945,0.6122
K,272,0.7552,-2.6071,0.6122
K,273,1.1636,-2.4522,0.6122
K,274,1.5419,-2.2338,0.6122
K,275,1.8803,-1.9575,0.6122
K,276,2.1699,-1.6306,0.6122
K,277,2.4034,-1.2614,0.6122
K,278,2.5746,-0.8595,0.6122
K,279,2.6791,-0.4354,0.6122
K,280,2.7143,-0.0000,0.6122
K,281,2.7000,0.0000,0.7143
K,282,2.6650,0.4331,0.7143
K,283,2.5610,0.8550,0.7143
K,284,2.3907,1.2548,0.7143
K,285,2.1585,1.6220,0.7143
K,286,1.8704,1.9472,0.7143
K,287,1.5338,2.2221,0.7143
K,288,1.1575,2.4393,0.7143
K,289,0.7512,2.5934,0.7143
K,290,0.3254,2.6803,0.7143
K,291,-0.1087,2.6978,0.7143
K,292,-0.5401,2.6454,0.7143
K,293,-0.9574,2.5245,0.7143
K,294,-1.3500,2.3383,0.7143
K,295,-1.7076,2.0914,0.7143
K,296,-2.0210,1.7904,0.7143
K,297,-2.2820,1.4431,0.7143
K,298,-2.4839,1.0583,0.7143
K,299,-2.6215,0.6462,0.7143
K,300,-2.6912,0.2173,0.7143
K,301,-2.6912,-0.2173,0.7143
K,302,-2.6215,-0.6462,0.7143
K,303,-2.4839,-1.0583,0.7143
K,304,-2.2820,-1.4431,0.7143
K,305,-2.0210,-1.7904,0.7143
K,306,-1.7076,-2.0914,0.7143
K,307,-1.3500,-2.3383,0.7143
K,308,-0.9574,-2.5245,0.7143
K,309,-0.5401,-2.6454,0.7143
K,310,-0.1087,-2.6978,0.7143
K,311,0.3254,-2.6803,0.7143
K,312,0.7512,-2.5934,0.7143
K,313,1.1575,-2.4393,0.7143
K,314,1.5338,-2.2221,0.7143
K,315,1.8704,-1.9472,0.7143
K,316,2.1585,-1.6220,0.7143
K,317,2.3907,-1.2548,0.7143
K,318,2.5610,-0.8550,0.7143
K,319,2.6650,-0.4331,0.7143
K,320,2.7000,-0.0000,0.7143
K,321,2.6857,0.0000,0.8163
K,322,2.6509,0.4308,0.8163
K,323,2.5475,0.8505,0.8163
K,324,2.3781,1.2481,0.8163
K,325,2.1471,1.6134,0.8163
K,326,1.8605,1.9369,0.8163
K,327,1.5257,2.2103,0.8163
K,328,1.1513,2.4264,0.8163
K,329,0.7472,2.5797,0.8163
K,330,0.3237,2.6661,0.8163
K,331,-0.1081,2.6835,0.8163
K,332,-0.5372,2.6314,0.8163
K,333,-0.9524,2.5112,0.8163
K,334,-1.3429,2.3259,0.8163
K,335,-1.6986,2.0804,0.8163
K,336,-2.0103,1.7810,0.8163
K,337,-2.2699,1.4354,0.8163
K,338,-2.4708,1.0527,0.8163
K,339,-2.6077,0.6427,0.8163
K,340,-2.6770,0.2161,0.8163
K,341,-2.6770,-0.2161,0.8163
K,342,-2.6077,-0.6427,0.8163
K,343,-2.4708,-1.0527,0.8163
K,344,-2.2699,-1.4354,0.8163
K,345,-2.0103,-1.7810,0.8163
K,346,-1.6986,-2.0804,0.8163
K,347,-1.3429,-2.3259,0.8163
K,348,-0.9524,-2.5112,0.8163
K,349,-0.5372,-2.6314,0.8163
K,350,-0.1081,-2.6835,0.8163
K,351,0.3237,-2.6661,0.8163
K,352,0.7472,-2.5797,0.8163
K,353,1.1513,-2.4264,0.8163
K,354,1.5257,-2.2103,0.8163
K,355,1.8605,-1.9369,0.8163
K,356,2.1471,-1.6134,0.8163
K,357,2.3781,-1.2481,0.8163
K,358,2.5475,-0.8505,0.8163
K,359,2.6509,-0.4308,0.8163
K,360,2.6857,-0.0000,0.8163
K,361,2.6714,0.0000,0.9184
K,362,2.6368,0.4285,0.9184
K,363,2.5339,0.8460,0.9184
K,364,2.3654,1.2415,0.9184
K,365,2.1357,1.6048,0.9184
K,366,1.8506,1.9266,0.9184
K,367,1.5175,2.1985,0.9184
K,368,1.1452,2.4135,0.9184
K,369,0.7432,2.5660,0.9184
K,370,0.3220,2.6520,0.9184
K,371,-0.1076,2.6693,0.9184
K,372,-0.5344,2.6174,0.9184
K,373,-0.9473,2.4978,0.9184
K,374,-1.3357,2.3135,0.9184
K,375,-1.6895,2.0693,0.9184
K,376,-1.9996,1.7715,0.9184
K,377,-2.2579,1.4278,0.9184
K,378,-2.4577,1.0471,0.9184
K,379,-2.5938,0.6393,0.9184
K,380,-2.6628,0.2150,0.9184
K,381,-2.6628,-0.2150,0.9184
K,382,-2.5938,-0.6393,0.9184
K,383,-2.4577,-1.0471,0.9184
K,384,-2.2579,-1.4278,0.9184
K,385,-1.9996,-1.7715,0.9184
K,386,-1.6895,-2.0693,0.9184
K,387,-1.3357,-2.3135,0.9184
K,388,-0.9473,-2.4978,0.9184
K,389,-0.5344,-2.6174,0.9184
K,390,-0.1076,-2.6693,0.9184
K,391,0.3220,-2.6520,0.9184
K,392,0.7432,-2.5660,0.9184
K,393,1.1452,-2.4135,0.9184
K,394,1.5175,-2.1985,0.9184
K,395,1.8506,-1.9266,0.9184
K,396,2.1357,-1.6048,0.9184
K,397,2.3654,-1.2415,0.9184
K,398,2.5339,-0.8460,0.9184
K,399,2.6368,-0.4285,0.9184
K,400,2.6714,-0.0000,0.9184
K,401,2.6571,0.0000,1.0204
K,402,2.6227,0.4262,1.0204
K,403,2.5204,0.8414,1.0204
K,404,2.3528,1.2348,1.0204
K,405,2.1242,1.5963,1.0204
K,406,1.8407,1.9163,1.0204
K,407,1.5094,2.1868,1.0204
K,408,1.1391,2.4006,1.0204
K,409,0.7393,2.5522,1.0204
K,410,0.3203,2.6378,1.0204
K,411,-0.1070,2.6550,1.0204
K,412,-0.5315,2.6034,1.0204
K,413,-0.9422,2.4845,1.0204
K,414,-1.3286,2.3012,1.0204
K,415,-1.6805,2.0582,1.0204
K,416,-1.9889,1.7620,1.0204
K,417,-2.2458,1.4202,1.0204
K,418,-2.4445,1.0415,1.0204
K,419,-2.5799,0.6359,1.0204
K,420,-2.6485,0.2138,1.0204
K,421,-2.6485,-0.2138,1.0204
K,422,-2.5799,-0.6359,1.0204
K,423,-2.4445,-1.0415,1.0204
K,424,-2.2458,-1.4202,1.0204
K,425,-1.9889,-1.7620,1.0204
K,426,-1.6805,-2.0582,1.0204
K,427,-1.3286,-2.3012,1.0204
K,428,-0.9422,-2.4845,1.0204
K,429,-0.5315,-2.6034,1.0204
K,430,-0.1070,-2.6550,1.0204
K,431,0.3203,-2.6378,1.0204
K,432,0.7393,-2.5522,1.0204
K,433,1.1391,-2.4006,1.0204
K,434,1.5094,-2.1868,1.0204
K,435,1.8407,-1.9163,1.0204
K,436,2.1242,-1.5963,1.0204
K,437,2.3528,-1.2348,1.0204
K,438,2.5204,-0.8414,1.0204
K,439,2.6227,-0.4262,1.0204
K,440,2.6571,-0.0000,1.0204
K,441,2.6429,0.0000,1.1224
K,442,2.6086,0.4239,1.1224
K,443,2.5068,0.8369,1.1224
K,444,2.3401,1.2282,1.1224
K,445,2.1128,1.5877,1.1224
K,446,1.8308,1.9060,1.1224
K,447,1.5013,2.1750,1.1224
K,448,1.1330,2.3877,1.1224
K,449,0.7353,2.5385,1.1224
K,450,0.3186,2.6236,1.1224
K,451,-0.1064,2.6407,1.1224
K,452,-0.5286,2.5894,1.1224
K,453,-0.9372,2.4711,1.1224
K,454,-1.3214,2.2888,1.1224
K,455,-1.6715,2.0472,1.1224
K,456,-1.9782,1.7525,1.1224
K,457,-2.2337,1.4125,1.1224
K,458,-2.4314,1.0359,1.1224
K,459,-2.5661,0.6325,1.1224
K,460,-2.6343,0.2127,1.1224
K,461,-2.6343,-0.2127,1.1224
K,462,-2.5661,-0.6325,1.1224
K,463,-2.4314,-1.0359,1.1224
K,464,-2.2337,-1.4125,1.1224
K,465,-1.9782,-1.7525,1.1224
K,466,-1.6715,-2.0472,1.1224
K,467,-1.3214,-2.2888,1.1224
K,468,-0.9372,-2.4711,1.1224
K,469,-0.5286,-2.5894,1.1224
K,470,-0.1064,-2.6407,1.1224
K,471,0.3186,-2.6236,1.1224
K,472,0.7353,-2.5385,1.1224
K,473,1.1330,-2.3877,1.1224
K,474,1.5013,-2.1750,1.1224
K,475,1.8308,-1.9060,1.1224
K,476,2.1128,-1.5877,1.1224
K,477,2.3401,-1.2282,1.1224
K,478,2.5068,-0.8369,1.1224
K,479,2.6086,-0.4239,1.1224
K,480,2.6429,-0.0000,1.1224
K,481,2.6286,0.0000,1.2245
K,482,2.5945,0.4217,1.2245
K,483,2.4933,0.8324,1.2245
K,484,2.3275,1.2216,1.2245
K,485,2.1014,1.5791,1.2245
K,486,1.8209,1.8957,1.2245
K,487,1.4932,2.1633,1.2245
K,488,1.1268,2.3748,1.2245
K,489,0.7313,2.5248,1.2245
K,490,0.3168,2.6094,1.2245
K,491,-0.1058,2.6264,1.2245
K,492,-0.5258,2.5754,1.2245
K,493,-0.9321,2.4578,1.2245
K,494,-1.3143,2.2764,1.2245
K,495,-1.6624,2.0361,1.2245
K,496,-1.9675,1.7431,1.2245
K,497,-2.2216,1.4049,1.2245
K,498,-2.4182,1.0303,1.2245
K,499,-2.5522,0.6291,1.2245
K,500,-2.6200,0.2115,1.2245
K,501,-2.6200,-0.2115,1.2245
K,502,-2.5522,-0.6291,1.2245
K,503,-2.4182,-1.0303,1.2245
K,504,-2.2216,-1.4049,1.2245
K,505,-1.9675,-1.7431,1.2245
K,506,-1.6624,-2.0361,1.2245
K,507,-1.3143,-2.2764,1.2245
K,508,-0.9321,-2.4578,1.2245
K,509,-0.5258,-2.5754,1.2245
K,510,-0.1058,-2.6264,1.2245
K,511,0.3168,-2.6094,1.2245
K,512,0.7313,-2.5248,1.2245
K,513,1.1268,-2.3748,1.2245
K,514,1.4932,-2.1633,1.2245
K,515,1.8209,-1.8957,1.2245
K,516,2.1014,-1.5791,1.2245
K,517,2.3275,-1.2216,1.2245
K,518,2.4933,-0.8324,1.2245
K,519,2.5945,-0.4217,1.2245
K,520,2.6286,-0.0000,1.2245
K,521,2.6143,0.0000,1.3265
K,522,2.5804,0.4194,1.3265
K,523,2.4797,0.8279,1.3265
K,524,2.3148,1.2149,1.3265
K,525,2.0900,1.5705,1.3265
K,526,1.8110,1.8854,1.3265
K,527,1.4851,2.1515,1.3265
K,528,1.1207,2.3619,1.3265
K,529,0.7273,2.5111,1.3265
K,530,0.3151,2.5952,1.3265
K,531,-0.1053,2.6122,1.3265
K,532,-0.5229,2.5615,1.3265
K,533,-0.9270,2.4444,1.3265
K,534,-1.3071,2.2640,1.3265
K,535,-1.6534,2.0250,1.3265
K,536,-1.9568,1.7336,1.3265
K,537,-2.2096,1.3972,1.3265
K,538,-2.4051,1.0247,1.3265
K,539,-2.5383,0.6256,1.3265
K,540,-2.6058,0.2104,1.3265
K,541,-2.6058,-0.2104,1.3265
K,542,-2.5383,-0.6256,1.3265
K,543,-2.4051,-1.0247,1.3265
K,544,-2.2096,-1.3972,1.3265
K,545,-1.9568,-1.7336,1.3265
K,546,-1.6534,-2.0250,1.3265
K,547,-1.3071,-2.2640,1.3265
K,548,-0.9270,-2.4444,1.3265
K,549,-0.5229,-2.5615,1.3265
K,550,-0.1053,-2.6122,1.3265
K,551,0.3151,-2.5952,1.3265
K,552,0.7273,-2.5111,1.3265
K,553,1.1207,-2.3619,1.3265
K,554,1.4851,-2.1515,1.3265
K,555,1.8110,-1.8854,1.3265
K,556,2.0900,-1.5705,1.3265
K,557,2.3148,-1.2149,1.3265
K,558,2.4797,-0.8279,1.3265
K,559,2.5804,-0.4194,1.3265
K,560,2.6143,-0.0000,1.3265
K,561,2.6000,0.0000,1.4286
K,562,2.5663,0.4171,1.4286
K,563,2.4662,0.8233,1.4286
K,564,2.3022,1.2083,1.4286
K,565,2.0786,1.5619,1.4286
K,566,1.8011,1.8751,1.4286
K,567,1.4770,2.1398,1.4286
K,568,1.1146,2.3490,1.4286
K,569,0.7234,2.4973,1.4286
K,570,0.3134,2.5810,1.4286
K,571,-0.1047,2.5979,1.4286
K,572,-0.5201,2.5475,1.4286
K,573,-0.9220,2.4310,1.4286
K,574,-1.3000,2.2517,1.4286
K,575,-1.6444,2.0140,1.4286
K,576,-1.9461,1.7241,1.4286
K,577,-2.1975,1.3896,1.4286
K,578,-2.3919,1.0191,1.4286
K,579,-2.5244,0.6222,1.4286
K,580,-2.5916,0.2092,1.4286
K,581,-2.5916,-0.2092,1.4286
K,582,-2.5244,-0.6222,1.4286
K,583,-2.3919,-1.0191,1.4286
K,584,-2.1975,-1.3896,1.4286
K,585,-1.9461,-1.7241,1.4286
K,586,-1.6444,-2.0140,1.4286
K,587,-1.3000,-2.2517,1.4286
K,588,-0.9220,-2.4310,1.4286
K,589,-0.5201,-2.5475,1.4286
K,590,-0.1047,-2.5979,1.4286
K,591,0.3134,-2.5810,1.4286
K,592,0.7234,-2.4973,1.4286
K,593,1.1146,-2.3490,1.4286
K,594,1.4770,-2.1398,1.4286
K,595,1.8011,-1.8751,1.4286
K,596,2.0786,-1.5619,1.4286
K,597,2.3022,-1.2083,1.4286
K,598,2.4662,-0.8233,1.4286
K,599,2.5663,-0.4171,1.4286
K,600,2.6000,-0.0000,1.4286
K,601,2.5857,0.0000,1.5306
K,602,2.5522,0.4148,1.5306
K,603,2.4526,0.8188,1.5306
K,604,2.2895,1.2016,1.5306
K,605,2.0671,1.5533,1.5306
K,606,1.7912,1.8648,1.5306
K,607,1.4689,2.1280,1.5306
K,608,1.1085,2.3361,1.5306
K,609,0.7194,2.4836,1.5306
K,610,0.3117,2.5669,1.5306
K,611,-0.1041,2.5836,1.5306
K,612,-0.5172,2.5335,1.5306
K,613,-0.9169,2.4177,1.5306
K,614,-1.2929,2.2393,1.5306
K,615,-1.6353,2.0029,1.5306
K,616,-1.9354,1.7146,1.5306
K,617,-2.1854,1.3820,1.5306
K,618,-2.3788,1.0135,1.5306
K,619,-2.5106,0.6188,1.5306
K,620,-2.5773,0.2081,1.5306
K,621,-2.5773,-0.2081,1.5306
K,622,-2.5106,-0.6188,1.5306
K,623,-2.3788,-1.0135,1.5306
K,624,-2.1854,-1.3820,1.5306
K,625,-1.9354,-1.7146,1.5306
K,626,-1.6353,-2.0029,1.5306
K,627,-1.2929,-2.2393,1.5306
K,628,-0.9169,-2.4177,1.5306
K,629,-0.5172,-2.5335,1.5306
K,630,-0.1041,-2.5836,1.5306
K,631,0.3117,-2.5669,1.5306
K,632,0.7194,-2.4836,1.5306
K,633,1.1085,-2.3361,1.5306
K,634,1.4689,-2.1280,1.5306
K,635,1.7912,-1.8648,1.5306
K,636,2.0671,-1.5533,1.5306
K,637,2.2895,-1.2016,1.5306
K,638,2.4526,-0.8188,1.5306
K,639,2.5522,-0.4148,1.5306
K,640,2.5857,-0.0000,1.5306
K,641,2.5714,0.0000,1.6327
K,642,2.5381,0.4125,1.6327
K,643,2.4391,0.8143,1.6327
K,644,2.2769,1.1950,1.6327
K,645,2.0557,1.5448,1.6327
K,646,1.7813,1.8545,1.6327
K,647,1.4607,2.1162,1.6327
K,648,1.1024,2.3232,1.6327
K,649,0.7154,2.4699,1.6327
K,650,0.3100,2.5527,1.6327
K,651,-0.1035,2.5693,1.6327
K,652,-0.5144,2.5195,1.6327
K,653,-0.9118,2.4043,1.6327
K,654,-1.2857,2.2269,1.6327
K,655,-1.6263,1.9918,1.6327
K,656,-1.9247,1.7052,1.6327
K,657,-2.1733,1.3743,1.6327
K,658,-2.3657,1.0079,1.6327
K,659,-2.4967,0.6154,1.6327
K,660,-2.5631,0.2069,1.6327
K,661,-2.5631,-0.2069,1.6327
K,662,-2.4967,-0.6154,1.6327
K,663,-2.3657,-1.0079,1.6327
K,664,-2.1733,-1.3743,1.6327
K,665,-1.9247,-1.7052,1.6327
K,666,-1.6263,-1.9918,1.6327
K,667,-1.2857,-2.2269,1.6327
K,668,-0.9118,-2.4043,1.6327
K,669,-0.5144,-2.5195,1.6327
K,670,-0.1035,-2.5693,1.6327
K,671,0.3100,-2.5527,1.6327
K,672,0.7154,-2.4699,1.6327
K,673,1.1024,-2.3232,1.6327
K,674,1.4607,-2.1162,1.6327
K,675,1.7813,-1.8545,1.6327
K,676,2.0557,-1.5448,1.6327
K,677,2.2769,-1.1950,1.6327
K,678,2.4391,-0.8143,1.6327
K,679,2.5381,-0.4125,1.6327
K,680,2.5714,-0.0000,1.6327
K,681,2.5571,0.0000,1.7347
K,682,2.5240,0.4102,1.7347
K,683,2.4255,0.8098,1.7347
K,684,2.2642,1.1884,1.7347
K,685,2.0443,1.5362,1.7347
K,686,1.7714,1.8442,1.7347
K,687,1.4526,2.1045,1.7347
K,688,1.0962,2.3103,1.7347
K,689,0.7114,2.4562,1.7347
K,690,0.3082,2.5385,1.7347
K,691,-0.1030,2.5551,1.7347
K,692,-0.5115,2.5055,1.7347
K,693,-0.9068,2.3910,1.7347
K,694,-1.2786,2.2146,1.7347
K,695,-1.6173,1.9808,1.7347
K,696,-1.9140,1.6957,1.7347
K,697,-2.1613,1.3667,1.7347
K,698,-2.3525,1.0023,1.7347
K,699,-2.4828,0.6120,1.7347
K,700,-2.5489,0.2058,1.7347
K,701,-2.5489,-0.2058,1.7347
K,702,-2.4828,-0.6120,1.7347
K,703,-2.3525,-1.0023,1.7347
K,704,-2.1613,-1.3667,1.7347
K,705,-1.9140,-1.6957,1.7347
K,706,-1.6173,-1.9808,1.7347
K,707,-1.2786,-2.2146,1.7347
K,708,-0.9068,-2.3910,1.7347
K,709,-0.5115,-2.5055,1.7347
K,710,-0.1030,-2.5551,1.7347
K,711,0.3082,-2.5385,1.7347
K,712,0.7114,-2.4562,1.7347
K,713,1.0962,-2.3103,1.7347
K,714,1.4526,-2.1045,1.7347
K,715,1.7714,-1.8442,1.7347
K,716,2.0443,-1.5362,1.7347
K,717,2.2642,-1.1884,1.7347
K,718,2.4255,-0.8098,1.7347
K,719,2.5240,-0.4102,1.7347
K,720,2.5571,-0.0000,1.7347
K,721,2.5429,0.0000,1.8367
K,722,2.5099,0.4079,1.8367
K,723,2.4120,0.8052,1.8367
K,724,2.2516,1.1817,1.8367
K,725,2.0329,1.5276,1.8367
K,726,1.7615,1.8339,1.8367
K,727,1.4445,2.0927,1.8367
K,728,1.0901,2.2973,1.8367
K,729,0.7075,2.4425,1.8367
K,730,0.3065,2.5243,1.8367
K,731,-0.1024,2.5408,1.8367
K,732,-0.5086,2.4915,1.8367
K,733,-0.9017,2.3776,1.8367
K,734,-1.2714,2.2022,1.8367
K,735,-1.6082,1.9697,1.8367
K,736,-1.9034,1.6862,1.8367
K,737,-2.1492,1.3591,1.8367
K,738,-2.3394,0.9967,1.8367
K,739,-2.4690,0.6085,1.8367
K,740,-2.5346,0.2046,1.8367
K,741,-2.5346,-0.2046,1.8367
K,742,-2.4690,-0.6085,1.8367
K,743,-2.3394,-0.9967,1.8367
K,744,-2.1492,-1.3591,1.8367
K,745,-1.9034,-1.6862,1.8367
K,746,-1.6082,-1.9697,1.8367
K,747,-1.2714,-2.2022,1.8367
K,748,-0.9017,-2.3776,1.8367
K,749,-0.5086,-2.4915,1.8367
K,750,-0.1024,-2.5408,1.8367
K,751,0.3065,-2.5243,1.8367
K,752,0.7075,-2.4425,1.8367
K,753,1.0901,-2.2973,1.8367
K,754,1.4445,-2.0927,1.8367
K,755,1.7615,-1.8339,1.8367
K,756,2.0329,-1.5276,1.8367
K,757,2.2516,-1.1817,1.8367
K,758,2.4120,-0.8052,1.8367
K,759,2.5099,-0.4079,1.8367
K,760,2.5429,-0.0000,1.8367
K,761,2.5286,0.0000,1.9388
K,762,2.4958,0.4056,1.9388
K,763,2.3984,0.8007,1.9388
K,764,2.2389,1.1751,1.9388
K,765,2.0214,1.5190,1.9388
K,766,1.7516,1.8236,1.9388
K,767,1.4364,2.0810,1.9388
K,768,1.0840,2.2844,1.9388
K,769,0.7035,2.4287,1.9388
K,770,0.3048,2.5101,1.9388
K,771,-0.1018,2.5265,1.9388
K,772,-0.5058,2.4775,1.9388
K,773,-0.8966,2.3643,1.9388
K,774,-1.2643,2.1898,1.9388
K,775,-1.5992,1.9586,1.9388
K,776,-1.8927,1.6768,1.9388
K,777,-2.1371,1.3514,1.9388
K,778,-2.3262,0.9911,1.9388
K,779,-2.4551,0.6051,1.9388
K,780,-2.5204,0.2035,1.9388
K,781,-2.5204,-0.2035,1.9388
K,782,-2.4551,-0.6051,1.9388
K,783,-2.3262,-0.9911,1.9388
K,784,-2.1371,-1.3514,1.9388
K,785,-1.8927,-1.6768,1.9388
K,786,-1.5992,-1.9586,1.9388
K,787,-1.2643,-2.1898,1.9388
K,788,-0.8966,-2.3643,1.9388
K,789,-0.5058,-2.4775,1.9388
K,790,-0.1018,-2.5265,1.9388
K,791,0.3048,-2.5101,1.9388
K,792,0.7035,-2.4287,1.9388
K,793,1.0840,-2.2844,1.9388
K,794,1.4364,-2.0810,1.9388
K,795,1.7516,-1.8236,1.9388
K,796,2.0214,-1.5190,1.9388
K,797,2.2389,-1.1751,1.9388
K,798,2.3984,-0.8007,1.9388
K,799,2.4958,-0.4056,1.9388
K,800,2.5286,-0.0000,1.9388
K,801,2.5143,0.0000,2.0408
K,802,2.4817,0.4033,2.0408
K,803,2.3849,0.7962,2.0408
K,804,2.2263,1.1684,2.0408
K,805,2.0100,1.5104,2.0408
K,806,1.7417,1.8133,2.0408
K,807,1.4283,2.0692,2.0408
K,808,1.0779,2.2715,2.0408
K,809,0.6995,2.4150,2.0408
K,810,0.3031,2.4960,2.0408
K,811,-0.1012,2.5122,2.0408
K,812,-0.5029,2.4635,2.0408
K,813,-0.8916,2.3509,2.0408
K,814,-1.2571,2.1774,2.0408
K,815,-1.5901,1.9476,2.0408
K,816,-1.8820,1.6673,2.0408
K,817,-2.1250,1.3438,2.0408
K,818,-2.3131,0.9855,2.0408
K,819,-2.4412,0.6017,2.0408
K,820,-2.5061,0.2023,2.0408
K,821,-2.5061,-0.2023,2.0408
K,822,-2.4412,-0.6017,2.0408
K,823,-2.3131,-0.9855,2.0408
K,824,-2.1250,-1.3438,2.0408
K,825,-1.8820,-1.6673,2.0408
K,826,-1.5901,-1.9476,2.0408
K,827,-1.2571,-2.1774,2.0408
K,828,-0.8916,-2.3509,2.0408
K,829,-0.5029,-2.4635,2.0408
K,830,-0.1012,-2.5122,2.0408
K,831,0.3031,-2.4960,2.0408
K,832,0.6995,-2.4150,2.0408
K,833,1.0779,-2.2715,2.0408
K,834,1.4283,-2.0692,2.0408
K,835,1.7417,-1.8133,2.0408
K,836,2.0100,-1.5104,2.0408
K,837,2.2263,-1.1684,2.0408
K,838,2.3849,-0.7962,2.0408
K,839,2.4817,-0.4033,2.0408
K,840,2.5143,-0.0000,2.0408
K,841,2.5000,0.0000,2.1429
K,842,2.4676,0.4010,2.1429
K,843,2.3713,0.7917,2.1429
K,844,2.2136,1.1618,2.1429
K,845,1.9986,1.5019,2.1429
K,846,1.7318,1.8030,2.1429
K,847,1.4202,2.0575,2.1429
K,848,1.0717,2.2586,2.1429
K,849,0.6955,2.4013,2.1429
K,850,0.3013,2.4818,2.1429
K,851,-0.1007,2.4980,2.1429
K,852,-0.5001,2.4495,2.1429
K,853,-0.8865,2.3375,2.1429
K,854,-1.2500,2.1651,2.1429
K,855,-1.5811,1.9365,2.1429
K,856,-1.8713,1.6578,2.1429
K,857,-2.1130,1.3362,2.1429
K,858,-2.2999,0.9799,2.1429
K,859,-2.4274,0.5983,2.1429
K,860,-2.4919,0.2012,2.1429
K,861,-2.4919,-0.2012,2.1429
K,862,-2.4274,-0.5983,2.1429
K,863,-2.2999,-0.9799,2.1429
K,864,-2.1130,-1.3362,2.1429
K,865,-1.8713,-1.6578,2.1429
K,866,-1.5811,-1.9365,2.1429
K,867,-1.2500,-2.1651,2.1429
K,868,-0.8865,-2.3375,2.1429
K,869,-0.5001,-2.4495,2.1429
K,870,-0.1007,-2.4980,2.1429
K,871,0.3013,-2.4818,2.1429
K,872,0.6955,-2.4013,2.1429
K,873,1.0717,-2.2586,2.1429
K,874,1.4202,-2.0575,2.1429
K,875,1.7318,-1.8030,2.1429
K,876,1.9986,-1.5019,2.1429
K,877,2.2136,-1.1618,2.1429
K,878,2.3713,-0.7917,2.1429
K,879,2.4676,-0.4010,2.1429
K,880,2.5000,-0.0000,2.1429
K,881,2.4857,0.0000,2.2449
K,882,2.4535,0.3987,2.2449
K,883,2.3578,0.7871,2.2449
K,884,2.2010,1.1552,2.2449
K,885,1.9872,1.4933,2.2449
K,886,1.7219,1.7927,2.2449
K,887,1.4120,2.0457,2.2449
K,888,1.0656,2.2457,2.2449
K,889,0.6916,2.3876,2.2449
K,890,0.2996,2.4676,2.2449
K,891,-0.1001,2.4837,2.2449
K,892,-0.4972,2.4355,2.2449
K,893,-0.8814,2.3242,2.2449
K,894,-1.2429,2.1527,2.2449
K,895,-1.5721,1.9254,2.2449
K,896,-1.8606,1.6483,2.2449
K,897,-2.1009,1.3285,2.2449
K,898,-2.2868,0.9743,2.2449
K,899,-2.4135,0.5949,2.2449
K,900,-2.4777,0.2000,2.2449
K,901,-2.4777,-0.2000,2.2449
K,902,-2.4135,-0.5949,2.2449
K,903,-2.2868,-0.9743,2.2449
K,904,-2.1009,-1.3285,2.2449
K,905,-1.8606,-1.6483,2.2449
K,906,-1.5721,-1.9254,2.2449
K,907,-1.2429,-2.1527,2.2449
K,908,-0.8814,-2.3242,2.2449
K,909,-0.4972,-2.4355,2.2449
K,910,-0.1001,-2.4837,2.2449
K,911,0.2996,-2.4676,2.2449
K,912,0.6916,-2.3876,2.2449
K,913,1.0656,-2.2457,2.2449
K,914,1.4120,-2.0457,2.2449
K,915,1.7219,-1.7927,2.2449
K,916,1.9872,-1.4933,2.2449
K,917,2.2010,-1.1552,2.2449
K,918,2.3578,-0.7871,2.2449
K,919,2.4535,-0.3987,2.2449
K,920,2.4857,-0.0000,2.2449
K,921,2.4714,0.0000,2.3469
K,922,2.4394,0.3964,2.3469
K,923,2.3442,0.7826,2.3469
K,924,2.1883,1.1485,2.3469
K,925,1.9758,1.4847,2.3469
K,926,1.7120,1.7824,2.3469
K,927,1.4039,2.0339,2.3469
K,928,1.0595,2.2328,2.3469
K,929,0.6876,2.3739,2.3469
K,930,0.2979,2.4534,2.3469
K,931,-0.0995,2.4694,2.3469
K,932,-0.4943,2.4215,2.3469
K,933,-0.8764,2.3108,2.3469
K,934,-1.2357,2.1403,2.3469
K,935,-1.5630,1.9144,2.3469
K,936,-1.8499,1.6389,2.3469
K,937,-2.0888,1.3209,2.3469
K,938,-2.2737,0.9687,2.3469
K,939,-2.3996,0.5915,2.3469
K,940,-2.4634,0.1989,2.3469
K,941,-2.4634,-0.1989,2.3469
K,942,-2.3996,-0.5915,2.3469
K,943,-2.2737,-0.9687,2.3469
K,944,-2.0888,-1.3209,2.3469
K,945,-1.8499,-1.6389,2.3469
K,946,-1.5630,-1.9144,2.3469
K,947,-1.2357,-2.1403,2.3469
K,948,-0.8764,-2.3108,2.3469
K,949,-0.4943,-2.4215,2.3469
K,950,-0.0995,-2.4694,2.3469
K,951,0.2979,-2.4534,2.3469
K,952,0.6876,-2.3739,2.3469
K,953,1.0595,-2.2328,2.3469
K,954,1.4039,-2.0339,2.3469
K,955,1.7120,-1.7824,2.3469
K,956,1.9758,-1.4847,2.3469
K,957,2.1883,-1.1485,2.3469
K,958,2.3442,-0.7826,2.3469
K,959,2.4394,-0.3964,2.3469
K,960,2.4714,-0.0000,2.3469
K,961,2.4571,0.0000,2.4490
K,962,2.4253,0.3942,2.4490
K,963,2.3307,0.7781,2.4490
K,964,2.1757,1.1419,2.4490
K,965,1.9643,1.4761,2.4490
K,966,1.7021,1.7721,2.4490
K,967,1.3958,2.0222,2.4490
K,968,1.0534,2.2199,2.4490
K,969,0.6836,2.3601,2.4490
K,970,0.2962,2.4392,2.4490
K,971,-0.0989,2.4552,2.4490
K,972,-0.4915,2.4075,2.4490
K,973,-0.8713,2.2975,2.4490
K,974,-1.2286,2.1279,2.4490
K,975,-1.5540,1.9033,2.4490
K,976,-1.8392,1.6294,2.4490
K,977,-2.0768,1.3133,2.4490
K,978,-2.2605,0.9631,2.4490
K,979,-2.3857,0.5880,2.4490
K,980,-2.4492,0.1977,2.4490
K,981,-2.4492,-0.1977,2.4490
K,982,-2.3857,-0.5880,2.4490
K,983,-2.2605,-0.9631,2.4490
K,984,-2.0768,-1.3133,2.4490
K,985,-1.8392,-1.6294,2.4490
K,986,-1.5540,-1.9033,2.4490
K,987,-1.2286,-2.1279,2.4490
K,988,-0.8713,-2.2975,2.4490
K,989,-0.4915,-2.4075,2.4490
K,990,-0.0989,-2.4552,2.4490
K,991,0.2962,-2.4392,2.4490
K,992,0.6836,-2.3601,2.4490
K,993,1.0534,-2.2199,2.4490
K,994,1.3958,-2.0222,2.4490
K,995,1.7021,-1.7721,2.4490
K,996,1.9643,-1.4761,2.4490
K,997,2.1757,-1.1419,2.4490
K,998,2.3307,-0.7781,2.4490
K,999,2.4253,-0.3942,2.4490
K,1000,2.4571,-0.0000,2.4490
K,1001,2.4429,0.0000,2.5510
K,1002,2.4112,0.3919,2.5510
K,1003,2.3171,0.7736,2.5510
K,1004,2.1630,1.1353,2.5510
K,1005,1.9529,1.4675,2.5510
K,1006,1.6922,1.7618,2.5510
K,1007,1.3877,2.0104,2.5510
K,1008,1.0472,2.2070,2.5510
K,1009,0.6796,2.3464,2.5510
K,1010,0.2945,2.4250,2.5510
K,1011,-0.0984,2.4409,2.5510
K,1012,-0.4886,2.3935,2.5510
K,1013,-0.8662,2.2841,2.5510
K,1014,-1.2214,2.1156,2.5510
K,1015,-1.5450,1.8922,2.5510
K,1016,-1.8285,1.6199,2.5510
K,1017,-2.0647,1.3056,2.5510
K,1018,-2.2474,0.9575,2.5510
K,1019,-2.3719,0.5846,2.5510
K,1020,-2.4349,0.1966,2.5510
K,1021,-2.4349,-0.1966,2.5510
K,1022,-2.3719,-0.5846,2.5510
K,1023,-2.2474,-0.9575,2.5510
K,1024,-2.0647,-1.3056,2.5510
K,1025,-1.8285,-1.6199,2.5510
K,1026,-1.5450,-1.8922,2.5510
K,1027,-1.2214,-2.1156,2.5510
K,1028,-0.8662,-2.2841,2.5510
K,1029,-0.4886,-2.3935,2.5510
K,1030,-0.0984,-2.4409,2.5510
K,1031,0.2945,-2.4250,2.5510
K,1032,0.6796,-2.3464,2.5510
K,1033,1.0472,-2.2070,2.5510
K,1034,1.3877,-2.0104,2.5510
K,1035,1.6922,-1.7618,2.5510
K,1036,1.9529,-1.4675,2.5510
K,1037,2.1630,-1.1353,2.5510
K,1038,2.3171,-0.7736,2.5510
K,1039,2.4112,-0.3919,2.5510
K,1040,2.4429,-0.0000,2.5510
K,1041,2.4286,0.0000,2.6531
K,1042,2.3971,0.3896,2.6531
K,1043,2.3036,0.7691,2.6531
K,1044,2.1504,1.1286,2.6531
K,1045,1.9415,1.4589,2.6531
K,1046,1.6823,1.7515,2.6531
K,1047,1.3796,1.9987,2.6531
K,1048,1.0411,2.1941,2.6531
K,1049,0.6757,2.3327,2.6531
K,1050,0.2927,2.4109,2.6531
K,1051,-0.0978,2.4266,2.6531
K,1052,-0.4858,2.3795,2.6531
K,1053,-0.8612,2.2708,2.6531
K,1054,-1.2143,2.1032,2.6531
K,1055,-1.5359,1.8812,2.6531
K,1056,-1.8178,1.6104,2.6531
K,1057,-2.0526,1.2980,2.6531
K,1058,-2.2342,0.9519,2.6531
K,1059,-2.3580,0.5812,2.6531
K,1060,-2.4207,0.1954,2.6531
K,1061,-2.4207,-0.1954,2.6531
K,1062,-2.3580,-0.5812,2.6531
K,1063,-2.2342,-0.9519,2.6531
K,1064,-2.0526,-1.2980,2.6531
K,1065,-1.8178,-1.6104,2.6531
K,1066,-1.5359,-1.8812,2.6531
K,1067,-1.2143,-2.1032,2.6531
K,1068,-0.8612,-2.2708,2.6531
K,1069,-0.4858,-2.3795,2.6531
K,1070,-0.0978,-2.4266,2.6531
K,1071,0.2927,-2.4109,2.6531
K,1072,0.6757,-2.3327,2.6531
K,1073,1.0411,-2.1941,2.6531
K,1074,1.3796,-1.9987,2.6531
K,1075,1.6823,-1.7515,2.6531
K,1076,1.9415,-1.4589,2.6531
K,1077,2.1504,-1.1286,2.6531
K,1078,2.3036,-0.7691,2.6531
K,1079,2.3971,-0.3896,2.6531
K,1080,2.4286,-0.0000,2.6531
K,1081,2.4143,0.0000,2.7551
K,1082,2.3830,0.3873,2.7551
K,1083,2.2900,0.7645,2.7551
K,1084,2.1377,1.1220,2.7551
K,1085,1.9301,1.4504,2.7551
K,1086,1.6724,1.7412,2.7551
K,1087,1.3715,1.9869,2.7551
K,1088,1.0350,2.1812,2.7551
K,1089,0.6717,2.3190,2.7551
K,1090,0.2910,2.3967,2.7551
K,1091,-0.0972,2.4123,2.7551
K,1092,-0.4829,2.3655,2.7551
K,1093,-0.8561,2.2574,2.7551
K,1094,-1.2071,2.0908,2.7551
K,1095,-1.5269,1.8701,2.7551
K,1096,-1.8071,1.6010,2.7551
K,1097,-2.0405,1.2904,2.7551
K,1098,-2.2211,0.9463,2.7551
K,1099,-2.3441,0.5778,2.7551
K,1100,-2.4065,0.1943,2.7551
K,1101,-2.4065,-0.1943,2.7551
K,1102,-2.3441,-0.5778,2.7551
K,1103,-2.2211,-0.9463,2.7551
K,1104,-2.0405,-1.2904,2.7551
K,1105,-1.8071,-1.6010,2.7551
K,1106,-1.5269,-1.8701,2.7551
K,1107,-1.2071,-2.0908,2.7551
K,1108,-0.8561,-2.2574,2.7551
K,1109,-0.4829,-2.3655,2.7551
K,1110,-0.0972,-2.4123,2.7551
K,1111,0.2910,-2.3967,2.7551
K,1112,0.6717,-2.3190,2.7551
K,1113,1.0350,-2.1812,2.7551
K,1114,1.3715,-1.9869,2.7551
K,1115,1.6724,-1.7412,2.7551
K,1116,1.9301,-1.4504,2.7551
K,1117,2.1377,-1.1220,2.7551
K,1118,2.2900,-0.7645,2.7551
K,1119,2.3830,-0.3873,2.7551
K,1120,2.4143,-0.0000,2.7551
K,1121,2.4000,0.0000,2.8571
K,1122,2.3689,0.3850,2.8571
K,1123,2.2765,0.7600,2.8571
K,1124,2.1251,1.1153,2.8571
K,1125,1.9187,1.4418,2.8571
K,1126,1.6625,1.7309,2.8571
K,1127,1.3634,1.9752,2.8571
K,1128,1.0289,2.1683,2.8571
K,1129,0.6677,2.3052,2.8571
K,1130,0.2893,2.3825,2.8571
K,1131,-0.0966,2.3981,2.8571
K,1132,-0.4801,2.3515,2.8571
K,1133,-0.8511,2.2440,2.8571
K,1134,-1.2000,2.0785,2.8571
K,1135,-1.5179,1.8591,2.8571
K,1136,-1.7964,1.5915,2.8571
K,1137,-2.0285,1.2827,2.8571
K,1138,-2.2080,0.9407,2.8571
K,1139,-2.3303,0.5744,2.8571
K,1140,-2.3922,0.1931,2.8571
K,1141,-2.3922,-0.1931,2.8571
K,1142,-2.3303,-0.5744,2.8571
K,1143,-2.2080,-0.9407,2.8571
K,1144,-2.0285,-1.2827,2.8571
K,1145,-1.7964,-1.5915,2.8571
K,1146,-1.5179,-1.8591,2.8571
K,1147,-1.2000,-2.0785,2.8571
K,1148,-0.8511,-2.2440,2.8571
K,1149,-0.4801,-2.3515,2.8571
K,1150,-0.0966,-2.3981,2.8571
K,1151,0.2893,-2.3825,2.8571
K,1152,0.6677,-2.3052,2.8571
K,1153,1.0289,-2.1683,2.8571
K,1154,1.3634,-1.9752,2.8571
K,1155,1.6625,-1.7309,2.8571
K,1156,1.9187,-1.4418,2.8571
K,1157,2.1251,-1.1153,2.8571
K,1158,2.2765,-0.7600,2.8571
K,1159,2.3689,-0.3850,2.8571
K,1160,2.4000,-0.0000,2.8571
K,1161,2.3857,0.0000,2.9592
K,1162,2.3548,0.3827,2.9592
K,1163,2.2629,0.7555,2.9592
K,1164,2.1124,1.1087,2.9592
K,1165,1.9072,1.4332,2.9592
K,1166,1.6526,1.7206,2.9592
K,1167,1.3552,1.9634,2.9592
K,1168,1.0227,2.1554,2.9592
K,1169,0.6637,2.2915,2.9592
K,1170,0.2876,2.3683,2.9592
K,1171,-0.0961,2.3838,2.9592
K,1172,-0.4772,2.3375,2.9592
K,1173,-0.8460,2.2307,2.9592
K,1174,-1.1929,2.0661,2.9592
K,1175,-1.5088,1.8480,2.9592
K,1176,-1.7857,1.5820,2.9592
K,1177,-2.0164,1.2751,2.9592
K,1178,-2.1948,0.9351,2.9592
K,1179,-2.3164,0.5709,2.9592
K,1180,-2.3780,0.1920,2.9592
K,1181,-2.3780,-0.1920,2.9592
K,1182,-2.3164,-0.5709,2.9592
K,1183,-2.1948,-0.9351,2.9592
K,1184,-2.0164,-1.2751,2.9592
K,1185,-1.7857,-1.5820,2.9592
K,1186,-1.5088,-1.8480,2.9592
K,1187,-1.1929,-2.0661,2.9592
K,1188,-0.8460,-2.2307,2.9592
K,1189,-0.4772,-2.3375,2.9592
K,1190,-0.0961,-2.3838,2.9592
K,1191,0.2876,-2.3683,2.9592
K,1192,0.6637,-2.2915,2.9592
K,1193,1.0227,-2.1554,2.9592
K,1194,1.3552,-1.9634,2.9592
K,1195,1.6526,-1.7206,2.9592
K,1196,1.9072,-1.4332,2.9592
K,1197,2.1124,-1.1087,2.9592
K,1198,2.2629,-0.7555,2.9592
K,1199,2.3548,-0.3827,2.9592
K,1200,2.3857,-0.0000,2.9592
K,1201,2.3714,0.0000,3.0612
K,1202,2.3407,0.3804,3.0612
K,1203,2.2494,0.7510,3.0612
K,1204,2.0998,1.1021,3.0612
K,1205,1.8958,1.4246,3.0612
K,1206,1.6427,1.7103,3.0612
K,1207,1.3471,1.9516,3.0612
K,1208,1.0166,2.1425,3.0612
K,1209,0.6598,2.2778,3.0612
K,1210,0.2858,2.3541,3.0612
K,1211,-0.0955,2.3695,3.0612
K,1212,-0.4743,2.3235,3.0612
K,1213,-0.8409,2.2173,3.0612
K,1214,-1.1857,2.0537,3.0612
K,1215,-1.4998,1.8369,3.0612
K,1216,-1.7750,1.5725,3.0612
K,1217,-2.0043,1.2674,3.0612
K,1218,-2.1817,0.9295,3.0612
K,1219,-2.3025,0.5675,3.0612
K,1220,-2.3637,0.1908,3.0612
K,1221,-2.3637,-0.1908,3.0612
K,1222,-2.3025,-0.5675,3.0612
K,1223,-2.1817,-0.9295,3.0612
K,1224,-2.0043,-1.2674,3.0612
K,1225,-1.7750,-1.5725,3.0612
K,1226,-1.4998,-1.8369,3.0612
K,1227,-1.1857,-2.0537,3.0612
K,1228,-0.8409,-2.2173,3.0612
K,1229,-0.4743,-2.3235,3.0612
K,1230,-0.0955,-2.3695,3.0612
K,1231,0.2858,-2.3541,3.0612
K,1232,0.6598,-2.2778,3.0612
K,1233,1.0166,-2.1425,3.0612
K,1234,1.3471,-1.9516,3.0612
K,1235,1.6427,-1.7103,3.0612
K,1236,1.8958,-1.4246,3.0612
K,1237,2.0998,-1.1021,3.0612
K,1238,2.2494,-0.7510,3.0612
K,1239,2.3407,-0.3804,3.0612
K,1240,2.3714,-0.0000,3.0612
K,1241,2.3571,0.0000,3.1633
K,1242,2.3266,0.3781,3.1633
K,1243,2.2358,0.7464,3.1633
K,1244,2.0871,1.0954,3.1633
K,1245,1.8844,1.4160,3.1633
K,1246,1.6329,1.7000,3.1633
K,1247,1.3390,1.9399,3.1633
K,1248,1.0105,2.1296,3.1633
K,1249,0.6558,2.2641,3.1633
K,1250,0.2841,2.3400,3.1633
K,1251,-0.0949,2.3552,3.1633
K,1252,-0.4715,2.3095,3.1633
K,1253,-0.8359,2.2040,3.1633
K,1254,-1.1786,2.0413,3.1633
K,1255,-1.4908,1.8259,3.1633
K,1256,-1.7643,1.5631,3.1633
K,1257,-1.9922,1.2598,3.1633
K,1258,-2.1685,0.9239,3.1633
K,1259,-2.2886,0.5641,3.1633
K,1260,-2.3495,0.1897,3.1633
K,1261,-2.3495,-0.1897,3.1633
K,1262,-2.2886,-0.5641,3.1633
K,1263,-2.1685,-0.9239,3.1633
K,1264,-1.9922,-1.2598,3.1633
K,1265,-1.7643,-1.5631,3.1633
K,1266,-1.4908,-1.8259,3.1633
K,1267,-1.1786,-2.0413,3.1633
K,1268,-0.8359,-2.2040,3.1633
K,1269,-0.4715,-2.3095,3.1633
K,1270,-0.0949,-2.3552,3.1633
K,1271,0.2841,-2.3400,3.1633
K,1272,0.6558,-2.2641,3.1633
K,1273,1.0105,-2.1296,3.1633
K,1274,1.3390,-1.9399,3.1633
K,1275,1.6329,-1.7000,3.1633
K,1276,1.8844,-1.4160,3.1633
K,1277,2.0871,-1.0954,3.1633
K,1278,2.2358,-0.7464,3.1633
K,1279,2.3266,-0.3781,3.1633
K,1280,2.3571,-0.0000,3.1633
K,1281,2.3429,0.0000,3.2653
K,1282,2.3125,0.3758,3.2653
K,1283,2.2223,0.7419,3.2653
K,1284,2.0745,1.0888,3.2653
K,1285,1.8730,1.4075,3.2653
K,1286,1.6230,1.6897,3.2653
K,1287,1.3309,1.9281,3.2653
K,1288,1.0044,2.1167,3.2653
K,1289,0.6518,2.2504,3.2653
K,1290,0.2824,2.3258,3.2653
K,1291,-0.0943,2.3410,3.2653
K,1292,-0.4686,2.2955,3.2653
K,1293,-0.8308,2.1906,3.2653
K,1294,-1.1714,2.0290,3.2653
K,1295,-1.4817,1.8148,3.2653
K,1296,-1.7537,1.5536,3.2653
K,1297,-1.9802,1.2522,3.2653
K,1298,-2.1554,0.9183,3.2653
K,1299,-2.2748,0.5607,3.2653
K,1300,-2.3353,0.1885,3.2653
K,1301,-2.3353,-0.1885,3.2653
K,1302,-2.2748,-0.5607,3.2653
K,1303,-2.1554,-0.9183,3.2653
K,1304,-1.9802,-1.2522,3.2653
K,1305,-1.7537,-1.5536,3.2653
K,1306,-1.4817,-1.8148,3.2653
K,1307,-1.1714,-2.0290,3.2653
K,1308,-0.8308,-2.1906,3.2653
K,1309,-0.4686,-2.2955,3.2653
K,1310,-0.0943,-2.3410,3.2653
K,1311,0.2824,-2.3258,3.2653
K,1312,0.6518,-2.2504,3.2653
K,1313,1.0044,-2.1167,3.2653
K,1314,1.3309,-1.9281,3.2653
K,1315,1.6230,-1.6897,3.2653
K,1316,1.8730,-1.4075,3.2653
K,1317,2.0745,-1.0888,3.2653
K,1318,2.2223,-0.7419,3.2653
K,1319,2.3125,-0.3758,3.2653
K,1320,2.3429,-0.0000,3.2653
K,1321,2.3286,0.0000,3.3673
K,1322,2.2984,0.3735,3.3673
K,1323,2.2087,0.7374,3.3673
K,1324,2.0618,1.0821,3.3673
K,1325,1.8616,1.3989,3.3673
K,1326,1.6131,1.6794,3.3673
K,1327,1.3228,1.9164,3.3673
K,1328,0.9982,2.1037,3.3673
K,1329,0.6478,2.2366,3.3673
K,1330,0.2807,2.3116,3.3673
K,1331,-0.0938,2.3267,3.3673
K,1332,-0.4658,2.2815,3.3673
K,1333,-0.8257,2.1773,3.3673
K,1334,-1.1643,2.0166,3.3673
K,1335,-1.4727,1.8037,3.3673
K,1336,-1.7430,1.5441,3.3673
K,1337,-1.9681,1.2445,3.3673
K,1338,-2.1422,0.9127,3.3673
K,1339,-2.2609,0.5573,3.3673
K,1340,-2.3210,0.1874,3.3673
K,1341,-2.3210,-0.1874,3.3673
K,1342,-2.2609,-0.5573,3.3673
K,1343,-2.1422,-0.9127,3.3673
K,1344,-1.9681,-1.2445,3.3673
K,1345,-1.7430,-1.5441,3.3673
K,1346,-1.4727,-1.8037,3.3673
K,1347,-1.1643,-2.0166,3.3673
K,1348,-0.8257,-2.1773,3.3673
K,1349,-0.4658,-2.2815,3.3673
K,1350,-0.0938,-2.3267,3.3673
K,1351,0.2807,-2.3116,3.3673
K,1352,0.6478,-2.2366,3.3673
K,1353,0.9982,-2.1037,3.3673
K,1354,1.3228,-1.9164,3.3673
K,1355,1.6131,-1.6794,3.3673
K,1356,1.8616,-1.3989,3.3673
K,1357,2.0618,-1.0821,3.3673
K,1358,2.2087,-0.7374,3.3673
K,1359,2.2984,-0.3735,3.3673
K,1360,2.3286,-0.0000,3.3673
K,1361,2.3143,0.0000,3.4694
K,1362,2.2843,0.3712,3.4694
K,1363,2.1952,0.7329,3.4694
K,1364,2.0492,1.0755,3.4694
K,1365,1.8501,1.3903,3.4694
K,1366,1.6032,1.6691,3.4694
K,1367,1.3147,1.9046,3.4694
K,1368,0.9921,2.0908,3.4694
K,1369,0.6439,2.2229,3.4694
K,1370,0.2790,2.2974,3.4694
K,1371,-0.0932,2.3124,3.4694
K,1372,-0.4629,2.2675,3.4694
K,1373,-0.8207,2.1639,3.4694
K,1374,-1.1571,2.0042,3.4694
K,1375,-1.4637,1.7927,3.4694
K,1376,-1.7323,1.5347,3.4694
K,1377,-1.9560,1.2369,3.4694
K,1378,-2.1291,0.9071,3.4694
K,1379,-2.2470,0.5538,3.4694
K,1380,-2.3068,0.1862,3.4694
K,1381,-2.3068,-0.1862,3.4694
K,1382,-2.2470,-0.5538,3.4694
K,1383,-2.1291,-0.9071,3.4694
K,1384,-1.9560,-1.2369,3.4694
K,1385,-1.7323,-1.5347,3.4694
K,1386,-1.4637,-1.7927,3.4694
K,1387,-1.1571,-2.0042,3.4694
K,1388,-0.8207,-2.1639,3.4694
K,1389,-0.4629,-2.2675,3.4694
K,1390,-0.0932,-2.3124,3.4694
K,1391,0.2790,-2.2974,3.4694
K,1392,0.6439,-2.2229,3.4694
K,1393,0.9921,-2.0908,3.4694
K,1394,1.3147,-1.9046,3.4694
K,1395,1.6032,-1.6691,3.4694
K,1396,1.8501,-1.3903,3.4694
K,1397,2.0492,-1.0755,3.4694
K,1398,2.1952,-0.7329,3.4694
K,1399,2.2843,-0.3712,3.4694
K,1400,2.3143,-0.0000,3.4694
K,1401,2.3000,0.0000,3.5714
K,1402,2.2702,0.3689,3.5714
K,1403,2.1816,0.7283,3.5714
K,1404,2.0365,1.0689,3.5714
K,1405,1.8387,1.3817,3.5714
K,1406,1.5933,1.6588,3.5714
K,1407,1.3065,1.8929,3.5714
K,1408,0.9860,2.0779,3.5714
K,1409,0.6399,2.2092,3.5714
K,1410,0.2772,2.2832,3.5714
K,1411,-0.0926,2.2981,3.5714
K,1412,-0.4601,2.2535,3.5714
K,1413,-0.8156,2.1505,3.5714
K,1414,-1.1500,1.9919,3.5714
K,1415,-1.4546,1.7816,3.5714
K,1416,-1.7216,1.5252,3.5714
K,1417,-1.9439,1.2293,3.5714
K,1418,-2.1160,0.9015,3.5714
K,1419,-2.2332,0.5504,3.5714
K,1420,-2.2925,0.1851,3.5714
K,1421,-2.2925,-0.1851,3.5714
K,1422,-2.2332,-0.5504,3.5714
K,1423,-2.1160,-0.9015,3.5714
K,1424,-1.9439,-1.2293,3.5714
K,1425,-1.7216,-1.5252,3.5714
K,1426,-1.4546,-1.7816,3.5714
K,1427,-1.1500,-1.9919,3.5714
K,1428,-0.8156,-2.1505,3.5714
K,1429,-0.4601,-2.2535,3.5714
K,1430,-0.0926,-2.2981,3.5714
K,1431,0.2772,-2.2832,3.5714
K,1432,0.6399,-2.2092,3.5714
K,1433,0.9860,-2.0779,3.5714
K,1434,1.3065,-1.8929,3.5714
K,1435,1.5933,-1.6588,3.5714
K,1436,1.8387,-1.3817,3.5714
K,1437,2.0365,-1.0689,3.5714
K,1438,2.1816,-0.7283,3.5714
K,1439,2.2702,-0.3689,3.5714
K,1440,2.3000,-0.0000,3.5714
K,1441,2.2857,0.0000,3.6735
K,1442,2.2561,0.3667,3.6735
K,1443,2.1681,0.7238,3.6735
K,1444,2.0239,1.0622,3.6735
K,1445,1.8273,1.3731,3.6735
K,1446,1.5834,1.6485,3.6735
K,1447,1.2984,1.8811,3.6735
K,1448,0.9799,2.0650,3.6735
K,1449,0.6359,2.1955,3.6735
K,1450,0.2755,2.2690,3.6735
K,1451,-0.0920,2.2839,3.6735
K,1452,-0.4572,2.2395,3.6735
K,1453,-0.8105,2.1372,3.6735
K,1454,-1.1429,1.9795,3.6735
K,1455,-1.4456,1.7705,3.6735
K,1456,-1.7109,1.5157,3.6735
K,1457,-1.9319,1.2216,3.6735
K,1458,-2.1028,0.8959,3.6735
K,1459,-2.2193,0.5470,3.6735
K,1460,-2.2783,0.1839,3.6735
K,1461,-2.2783,-0.1839,3.6735
K,1462,-2.2193,-0.5470,3.6735
K,1463,-2.1028,-0.8959,3.6735
K,1464,-1.9319,-1.2216,3.6735
K,1465,-1.7109,-1.5157,3.6735
K,1466,-1.4456,-1.7705,3.6735
K,1467,-1.1429,-1.9795,3.6735
K,1468,-0.8105,-2.1372,3.6735
K,1469,-0.4572,-2.2395,3.6735
K,1470,-0.0920,-2.2839,3.6735
K,1471,0.2755,-2.2690,3.6735
K,1472,0.6359,-2.1955,3.6735
K,1473,0.9799,-2.0650,3.6735
K,1474,1.2984,-1.8811,3.6735
K,1475,1.5834,-1.6485,3.6735
K,1476,1.8273,-1.3731,3.6735
K,1477,2.0239,-1.0622,3.6735
K,1478,2.1681,-0.7238,3.6735
K,1479,2.2561,-0.3667,3.6735
K,1480,2.2857,-0.0000,3.6735
K,1481,2.2714,0.0000,3.7755
K,1482,2.2420,0.3644,3.7755
K,1483,2.1545,0.7193,3.7755
K,1484,2.0113,1.0556,3.7755
K,1485,1.8159,1.3645,3.7755
K,1486,1.5735,1.6382,3.7755
K,1487,1.2903,1.8693,3.7755
K,1488,0.9737,2.0521,3.7755
K,1489,0.6320,2.1817,3.7755
K,1490,0.2738,2.2549,3.7755
K,1491,-0.0915,2.2696,3.7755
K,1492,-0.4543,2.2255,3.7755
K,1493,-0.8055,2.1238,3.7755
K,1494,-1.1357,1.9671,3.7755
K,1495,-1.4366,1.7595,3.7755
K,1496,-1.7002,1.5062,3.7755
K,1497,-1.9198,1.2140,3.7755
K,1498,-2.0897,0.8903,3.7755
K,1499,-2.2054,0.5436,3.7755
K,1500,-2.2641,0.1828,3.7755
K,1501,-2.2641,-0.1828,3.7755
K,1502,-2.2054,-0.5436,3.7755
K,1503,-2.0897,-0.8903,3.7755
K,1504,-1.9198,-1.2140,3.7755
K,1505,-1.7002,-1.5062,3.7755
K,1506,-1.4366,-1.7595,3.7755
K,1507,-1.1357,-1.9671,3.7755
K,1508,-0.8055,-2.1238,3.7755
K,1509,-0.4543,-2.2255,3.7755
K,1510,-0.0915,-2.2696,3.7755
K,1511,0.2738,-2.2549,3.7755
K,1512,0.6320,-2.1817,3.7755
K,1513,0.9737,-2.0521,3.7755
K,1514,1.2903,-1.8693,3.7755
K,1515,1.5735,-1.6382,3.7755
K,1516,1.8159,-1.3645,3.7755
K,1517,2.0113,-1.0556,3.7755
K,1518,2.1545,-0.7193,3.7755
K,1519,2.2420,-0.3644,3.7755
K,1520,2.2714,-0.0000,3.7755
K,1521,2.2571,0.0000,3.8776
K,1522,2.2279,0.3621,3.8776
K,1523,2.1410,0.7148,3.8776
K,1524,1.9986,1.0489,3.8776
K,1525,1.8045,1.3560,3.8776
K,1526,1.5636,1.6279,3.8776
K,1527,1.2822,1.8576,3.8776
K,1528,0.9676,2.0392,3.8776
K,1529,0.6280,2.1680,3.8776
K,1530,0.2721,2.2407,3.8776
K,1531,-0.0909,2.2553,3.8776
K,1532,-0.4515,2.2115,3.8776
K,1533,-0.8004,2.1105,3.8776
K,1534,-1.1286,1.9547,3.8776
K,1535,-1.4275,1.7484,3.8776
K,1536,-1.6895,1.4968,3.8776
K,1537,-1.9077,1.2064,3.8776
K,1538,-2.0765,0.8847,3.8776
K,1539,-2.1916,0.5402,3.8776
K,1540,-2.2498,0.1816,3.8776
K,1541,-2.2498,-0.1816,3.8776
K,1542,-2.1916,-0.5402,3.8776
K,1543,-2.0765,-0.8847,3.8776
K,1544,-1.9077,-1.2064,3.8776
K,1545,-1.6895,-1.4968,3.8776
K,1546,-1.4275,-1.7484,3.8776
K,1547,-1.1286,-1.9547,3.8776
K,1548,-0.8004,-2.1105,3.8776
K,1549,-0.4515,-2.2115,3.8776
K,1550,-0.0909,-2.2553,3.8776
K,1551,0.2721,-2.2407,3.8776
K,1552,0.6280,-2.1680,3.8776
K,1553,0.9676,-2.0392,3.8776
K,1554,1.2822,-1.8576,3.8776
K,1555,1.5636,-1.6279,3.8776
K,1556,1.8045,-1.3560,3.8776
K,1557,1.9986,-1.0489,3.8776
K,1558,2.1410,-0.7148,3.8776
K,1559,2.2279,-0.3621,3.8776
K,1560,2.2571,-0.0000,3.8776
K,1561,2.2429,0.0000,3.9796
K,1562,2.2138,0.3598,3.9796
K,1563,2.1274,0.7102,3.9796
K,1564,1.9860,1.0423,3.9796
K,1565,1.7930,1.3474,3.9796
K,1566,1.5537,1.6176,3.9796
K,1567,1.2741,1.8458,3.9796
K,1568,0.9615,2.0263,3.9796
K,1569,0.6240,2.1543,3.9796
K,1570,0.2703,2.2265,3.9796
K,1571,-0.0903,2.2410,3.9796
K,1572,-0.4486,2.1975,3.9796
K,1573,-0.7953,2.0971,3.9796
K,1574,-1.1214,1.9424,3.9796
K,1575,-1.4185,1.7373,3.9796
K,1576,-1.6788,1.4873,3.9796
K,1577,-1.8956,1.1987,3.9796
K,1578,-2.0634,0.8791,3.9796
K,1579,-2.1777,0.5368,3.9796
K,1580,-2.2356,0.1805,3.9796
K,1581,-2.2356,-0.1805,3.9796
K,1582,-2.1777,-0.5368,3.9796
K,1583,-2.0634,-0.8791,3.9796
K,1584,-1.8956,-1.1987,3.9796
K,1585,-1.6788,-1.4873,3.9796
K,1586,-1.4185,-1.7373,3.9796
K,1587,-1.1214,-1.9424,3.9796
K,1588,-0.7953,-2.0971,3.9796
K,1589,-0.4486,-2.1975,3.9796
K,1590,-0.0903,-2.2410,3.9796
K,1591,0.2703,-2.2265,3.9796
K,1592,0.6240,-2.1543,3.9796
K,1593,0.9615,-2.0263,3.9796
K,1594,1.2741,-1.8458,3.9796
K,1595,1.5537,-1.6176,3.9796
K,1596,1.7930,-1.3474,3.9796
K,1597,1.9860,-1.0423,3.9796
K,1598,2.1274,-0.7102,3.9796
K,1599,2.2138,-0.3598,3.9796
K,1600,2.2429,-0.0000,3.9796
K,1601,2.2286,0.0000,4.0816
K,1602,2.1997,0.3575,4.0816
K,1603,2.1139,0.7057,4.0816
K,1604,1.9733,1.0357,4.0816
K,1605,1.7816,1.3388,4.0816
K,1606,1.5438,1.6073,4.0816
K,1607,1.2660,1.8341,4.0816
K,1608,0.9554,2.0134,4.0816
K,1609,0.6200,2.1406,4.0816
K,1610,0.2686,2.2123,4.0816
K,1611,-0.0897,2.2268,4.0816
K,1612,-0.4458,2.1835,4.0816
K,1613,-0.7903,2.0838,4.0816
K,1614,-1.1143,1.9300,4.0816
K,1615,-1.4094,1.7263,4.0816
K,1616,-1.6681,1.4778,4.0816
K,1617,-1.8836,1.1911,4.0816
K,1618,-2.0502,0.8735,4.0816
K,1619,-2.1638,0.5333,4.0816
K,1620,-2.2213,0.1793,4.0816
K,1621,-2.2213,-0.1793,4.0816
K,1622,-2.1638,-0.5333,4.0816
K,1623,-2.0502,-0.8735,4.0816
K,1624,-1.8836,-1.1911,4.0816
K,1625,-1.6681,-1.4778,4.0816
K,1626,-1.4094,-1.7263,4.0816
K,1627,-1.1143,-1.9300,4.0816
K,1628,-0.7903,-2.0838,4.0816
K,1629,-0.4458,-2.1835,4.0816
K,1630,-0.0897,-2.2268,4.0816
K,1631,0.2686,-2.2123,4.0816
K,1632,0.6200,-2.1406,4.0816
K,1633,0.9554,-2.0134,4.0816
K,1634,1.2660,-1.8341,4.0816
K,1635,1.5438,-1.6073,4.0816
K,1636,1.7816,-1.3388,4.0816
K,1637,1.9733,-1.0357,4.0816
K,1638,2.1139,-0.7057,4.0816
K,1639,2.1997,-0.3575,4.0816
K,1640,2.2286,-0.0000,4.0816
K,1641,2.2143,0.0000,4.1837
K,1642,2.1856,0.3552,4.1837
K,1643,2.1003,0.7012,4.1837
K,1644,1.9607,1.0290,4.1837
K,1645,1.7702,1.3302,4.1837
K,1646,1.5339,1.5969,4.1837
K,1647,1.2579,1.8223,4.1837
K,1648,0.9492,2.0005,4.1837
K,1649,0.6161,2.1269,4.1837
K,1650,0.2669,2.1981,4.1837
K,1651,-0.0892,2.2125,4.1837
K,1652,-0.4429,2.1695,4.1837
K,1653,-0.7852,2.0704,4.1837
K,1654,-1.1071,1.9176,4.1837
K,1655,-1.4004,1.7152,4.1837
K,1656,-1.6574,1.4683,4.1837
K,1657,-1.8715,1.1835,4.1837
K,1658,-2.0371,0.8679,4.1837
K,1659,-2.1499,0.5299,4.1837
K,1660,-2.2071,0.1782,4.1837
K,1661,-2.2071,-0.1782,4.1837
K,1662,-2.1499,-0.5299,4.1837
K,1663,-2.0371,-0.8679,4.1837
K,1664,-1.8715,-1.1835,4.1837
K,1665,-1.6574,-1.4683,4.1837
K,1666,-1.4004,-1.7152,4.1837
K,1667,-1.1071,-1.9176,4.1837
K,1668,-0.7852,-2.0704,4.1837
K,1669,-0.4429,-2.1695,4.1837
K,1670,-0.0892,-2.2125,4.1837
K,1671,0.2669,-2.1981,4.1837
K,1672,0.6161,-2.1269,4.1837
K,1673,0.9492,-2.0005,4.1837
K,1674,1.2579,-1.8223,4.1837
K,1675,1.5339,-1.5969,4.1837
K,1676,1.7702,-1.3302,4.1837
K,1677,1.9607,-1.0290,4.1837
K,1678,2.1003,-0.7012,4.1837
K,1679,2.1856,-0.3552,4.1837
K,1680,2.2143,-0.0000,4.1837
K,1681,2.2000,0.0000,4.2857
K,1682,2.1715,0.3529,4.2857
K,1683,2.0868,0.6967,4.2857
K,1684,1.9480,1.0224,4.2857
K,1685,1.7588,1.3216,4.2857
K,1686,1.5240,1.5866,4.2857
K,1687,1.2497,1.8106,4.2857
K,1688,0.9431,1.9876,4.2857
K,1689,0.6121,2.1131,4.2857
K,1690,0.2652,2.1840,4.2857
K,1691,-0.0886,2.1982,4.2857
K,1692,-0.4401,2.1555,4.2857
K,1693,-0.7801,2.0570,4.2857
K,1694,-1.1000,1.9053,4.2857
K,1695,-1.3914,1.7041,4.2857
K,1696,-1.6467,1.4589,4.2857
K,1697,-1.8594,1.1758,4.2857
K,1698,-2.0240,0.8623,4.2857
K,1699,-2.1361,0.5265,4.2857
K,1700,-2.1929,0.1770,4.2857
K,1701,-2.1929,-0.1770,4.2857
K,1702,-2.1361,-0.5265,4.2857
K,1703,-2.0240,-0.8623,4.2857
K,1704,-1.8594,-1.1758,4.2857
K,1705,-1.6467,-1.4589,4.2857
K,1706,-1.3914,-1.7041,4.2857
K,1707,-1.1000,-1.9053,4.2857
K,1708,-0.7801,-2.0570,4.2857
K,1709,-0.4401,-2.1555,4.2857
K,1710,-0.0886,-2.1982,4.2857
K,1711,0.2652,-2.1840,4.2857
K,1712,0.6121,-2.1131,4.2857
K,1713,0.9431,-1.9876,4.2857
K,1714,1.2497,-1.8106,4.2857
K,1715,1.5240,-1.5866,4.2857
K,1716,1.7588,-1.3216,4.2857
K,1717,1.9480,-1.0224,4.2857
K,1718,2.0868,-0.6967,4.2857
K,1719,2.1715,-0.3529,4.2857
K,1720,2.2000,-0.0000,4.2857
K,1721,2.1857,0.0000,4.3878
K,1722,2.1574,0.3506,4.3878
K,1723,2.0732,0.6921,4.3878
K,1724,1.9354,1.0158,4.3878
K,1725,1.7474,1.3131,4.3878
K,1726,1.5141,1.5763,4.3878
K,1727,1.2416,1.7988,4.3878
K,1728,0.9370,1.9747,4.3878
K,1729,0.6081,2.0994,4.3878
K,1730,0.2635,2.1698,4.3878
K,1731,-0.0880,2.1839,4.3878
K,1732,-0.4372,2.1415,4.3878
K,1733,-0.7751,2.0437,4.3878
K,1734,-1.0929,1.8929,4.3878
K,1735,-1.3823,1.6931,4.3878
K,1736,-1.6360,1.4494,4.3878
K,1737,-1.8473,1.1682,4.3878
K,1738,-2.0108,0.8567,4.3878
K,1739,-2.1222,0.5231,4.3878
K,1740,-2.1786,0.1759,4.3878
K,1741,-2.1786,-0.1759,4.3878
K,1742,-2.1222,-0.5231,4.3878
K,1743,-2.0108,-0.8567,4.3878
K,1744,-1.8473,-1.1682,4.3878
K,1745,-1.6360,-1.4494,4.3878
K,1746,-1.3823,-1.6931,4.3878
K,1747,-1.0929,-1.8929,4.3878
K,1748,-0.7751,-2.0437,4.3878
K,1749,-0.4372,-2.1415,4.3878
K,1750,-0.0880,-2.1839,4.3878
K,1751,0.2635,-2.1698,4.3878
K,1752,0.6081,-2.0994,4.3878
K,1753,0.9370,-1.9747,4.3878
K,1754,1.2416,-1.7988,4.3878
K,1755,1.5141,-1.5763,4.3878
K,1756,1.7474,-1.3131,4.3878
K,1757,1.9354,-1.0158,4.3878
K,1758,2.0732,-0.6921,4.3878
K,1759,2.1574,-0.3506,4.3878
K,1760,2.1857,-0.0000,4.3878
K,1761,2.1714,0.0000,4.4898
K,1762,2.1433,0.3483,4.4898
K,1763,2.0597,0.6876,4.4898
K,1764,1.9227,1.0091,4.4898
K,1765,1.7359,1.3045,4.4898
K,1766,1.5042,1.5660,4.4898
K,1767,1.2335,1.7871,4.4898
K,1768,0.9309,1.9618,4.4898
K,1769,0.6041,2.0857,4.4898
K,1770,0.2617,2.1556,4.4898
K,1771,-0.0874,2.1697,4.4898
K,1772,-0.4343,2.1275,4.4898
K,1773,-0.7700,2.0303,4.4898
K,1774,-1.0857,1.8805,4.4898
K,1775,-1.3733,1.6820,4.4898
K,1776,-1.6253,1.4399,4.4898
K,1777,-1.8353,1.1606,4.4898
K,1778,-1.9977,0.8511,4.4898
K,1779,-2.1083,0.5197,4.4898
K,1780,-2.1644,0.1747,4.4898
K,1781,-2.1644,-0.1747,4.4898
K,1782,-2.1083,-0.5197,4.4898
K,1783,-1.9977,-0.8511,4.4898
K,1784,-1.8353,-1.1606,4.4898
K,1785,-1.6253,-1.4399,4.4898
K,1786,-1.3733,-1.6820,4.4898
K,1787,-1.0857,-1.8805,4.4898
K,1788,-0.7700,-2.0303,4.4898
K,1789,-0.4343,-2.1275,4.4898
K,1790,-0.0874,-2.1697,4.4898
K,1791,0.2617,-2.1556,4.4898
K,1792,0.6041,-2.0857,4.4898
K,1793,0.9309,-1.9618,4.4898
K,1794,1.2335,-1.7871,4.4898
K,1795,1.5042,-1.5660,4.4898
K,1796,1.7359,-1.3045,4.4898
K,1797,1.9227,-1.0091,4.4898
K,1798,2.0597,-0.6876,4.4898
K,1799,2.1433,-0.3483,4.4898
K,1800,2.1714,-0.0000,4.4898
K,1801,2.1571,0.0000,4.5918
K,1802,2.1292,0.3460,4.5918
K,1803,2.0461,0.6831,4.5918
K,1804,1.9101,1.0025,4.5918
K,1805,1.7245,1.2959,4.5918
K,1806,1.4943,1.5557,4.5918
K,1807,1.2254,1.7753,4.5918
K,1808,0.9248,1.9489,4.5918
K,1809,0.6002,2.0720,4.5918
K,1810,0.2600,2.1414,4.5918
K,1811,-0.0869,2.1554,4.5918
K,1812,-0.4315,2.1135,4.5918
K,1813,-0.7649,2.0170,4.5918
K,1814,-1.0786,1.8681,4.5918
K,1815,-1.3643,1.6709,4.5918
K,1816,-1.6146,1.4305,4.5918
K,1817,-1.8232,1.1529,4.5918
K,1818,-1.9845,0.8455,4.5918
K,1819,-2.0945,0.5162,4.5918
K,1820,-2.1501,0.1736,4.5918
K,1821,-2.1501,-0.1736,4.5918
K,1822,-2.0945,-0.5162,4.5918
K,1823,-1.9845,-0.8455,4.5918
K,1824,-1.8232,-1.1529,4.5918
K,1825,-1.6146,-1.4305,4.5918
K,1826,-1.3643,-1.6709,4.5918
K,1827,-1.0786,-1.8681,4.5918
K,1828,-0.7649,-2.0170,4.5918
K,1829,-0.4315,-2.1135,4.5918
K,1830,-0.0869,-2.1554,4.5918
K,1831,0.2600,-2.1414,4.5918
K,1832,0.6002,-2.0720,4.5918
K,1833,0.9248,-1.9489,4.5918
K,1834,1.2254,-1.7753,4.5918
K,1835,1.4943,-1.5557,4.5918
K,1836,1.7245,-1.2959,4.5918
K,1837,1.9101,-1.0025,4.5918
K,1838,2.0461,-0.6831,4.5918
K,1839,2.1292,-0.3460,4.5918
K,1840,2.1571,-0.0000,4.5918
K,1841,2.1429,0.0000,4.6939
K,1842,2.1151,0.3437,4.6939
K,1843,2.0326,0.6786,4.6939
K,1844,1.8974,0.9958,4.6939
K,1845,1.7131,1.2873,4.6939
K,1846,1.4844,1.5454,4.6939
K,1847,1.2173,1.7635,4.6939
K,1848,0.9186,1.9360,4.6939
K,1849,0.5962,2.0583,4.6939
K,1850,0.2583,2.1272,4.6939
K,1851,-0.0863,2.1411,4.6939
K,1852,-0.4286,2.0996,4.6939
K,1853,-0.7599,2.0036,4.6939
K,1854,-1.0714,1.8558,4.6939
K,1855,-1.3552,1.6599,4.6939
K,1856,-1.6040,1.4210,4.6939
K,1857,-1.8111,1.1453,4.6939
K,1858,-1.9714,0.8399,4.6939
K,1859,-2.0806,0.5128,4.6939
K,1860,-2.1359,0.1724,4.6939
K,1861,-2.1359,-0.1724,4.6939
K,1862,-2.0806,-0.5128,4.6939
K,1863,-1.9714,-0.8399,4.6939
K,1864,-1.8111,-1.1453,4.6939
K,1865,-1.6040,-1.4210,4.6939
K,1866,-1.3552,-1.6599,4.6939
K,1867,-1.0714,-1.8558,4.6939
K,1868,-0.7599,-2.0036,4.6939
K,1869,-0.4286,-2.0996,4.6939
K,1870,-0.0863,-2.1411,4.6939
K,1871,0.2583,-2.1272,4.6939
K,1872,0.5962,-2.0583,4.6939
K,1873,0.9186,-1.9360,4.6939
K,1874,1.2173,-1.7635,4.6939
K,1875,1.4844,-1.5454,4.6939
K,1876,1.7131,-1.2873,4.6939
K,1877,1.8974,-0.9958,4.6939
K,1878,2.0326,-0.6786,4.6939
K,1879,2.1151,-0.3437,4.6939
K,1880,2.1429,-0.0000,4.6939
K,1881,2.1286,0.0000,4.7959
K,1882,2.1010,0.3414,4.7959
K,1883,2.0190,0.6741,4.7959
K,1884,1.8848,0.9892,4.7959
K,1885,1.7017,1.2787,4.7959
K,1886,1.4745,1.5351,4.7959
K,1887,1.2092,1.7518,4.7959
K,1888,0.9125,1.9231,4.7959
K,1889,0.5922,2.0445,4.7959
K,1890,0.2566,2.1131,4.7959
K,1891,-0.0857,2.1268,4.7959
K,1892,-0.4258,2.0856,4.7959
K,1893,-0.7548,1.9902,4.7959
K,1894,-1.0643,1.8434,4.7959
K,1895,-1.3462,1.6488,4.7959
K,1896,-1.5933,1.4115,4.7959
K,1897,-1.7990,1.1376,4.7959
K,1898,-1.9582,0.8343,4.7959
K,1899,-2.0667,0.5094,4.7959
K,1900,-2.1217,0.1713,4.7959
K,1901,-2.1217,-0.1713,4.7959
K,1902,-2.0667,-0.5094,4.7959
K,1903,-1.9582,-0.8343,4.7959
K,1904,-1.7990,-1.1376,4.7959
K,1905,-1.5933,-1.4115,4.7959
K,1906,-1.3462,-1.6488,4.7959
K,1907,-1.0643,-1.8434,4.7959
K,1908,-0.7548,-1.9902,4.7959
K,1909,-0.4258,-2.0856,4.7959
K,1910,-0.0857,-2.1268,4.7959
K,1911,0.2566,-2.1131,4.7959
K,1912,0.5922,-2.0445,4.7959
K,1913,0.9125,-1.9231,4.7959
K,1914,1.2092,-1.7518,4.7959
K,1915,1.4745,-1.5351,4.7959
K,1916,1.7017,-1.2787,4.7959
K,1917,1.8848,-0.9892,4.7959
K,1918,2.0190,-0.6741,4.7959
K,1919,2.1010,-0.3414,4.7959
K,1920,2.1286,-0.0000,4.7959
K,1921,2.1143,0.0000,4.8980
K,1922,2.0869,0.3392,4.8980
K,1923,2.0055,0.6695,4.8980
K,1924,1.8721,0.9826,4.8980
K,1925,1.6903,1.2701,4.8980
K,1926,1.4646,1.5248,4.8980
K,1927,1.2011,1.7400,4.8980
K,1928,0.9064,1.9102,4.8980
K,1929,0.5882,2.0308,4.8980
K,1930,0.2548,2.0989,4.8980
K,1931,-0.0851,2.1126,4.8980
K,1932,-0.4229,2.0716,4.8980
K,1933,-0.7497,1.9769,4.8980
K,1934,-1.0571,1.8310,4.8980
K,1935,-1.3372,1.6377,4.8980
K,1936,-1.5826,1.4020,4.8980
K,1937,-1.7870,1.1300,4.8980
K,1938,-1.9451,0.8287,4.8980
K,1939,-2.0528,0.5060,4.8980
K,1940,-2.1074,0.1701,4.8980
K,1941,-2.1074,-0.1701,4.8980
K,1942,-2.0528,-0.5060,4.8980
K,1943,-1.9451,-0.8287,4.8980
K,1944,-1.7870,-1.1300,4.8980
K,1945,-1.5826,-1.4020,4.8980
K,1946,-1.3372,-1.6377,4.8980
K,1947,-1.0571,-1.8310,4.8980
K,1948,-0.7497,-1.9769,4.8980
K,1949,-0.4229,-2.0716,4.8980
K,1950,-0.0851,-2.1126,4.8980
K,1951,0.2548,-2.0989,4.8980
K,1952,0.5882,-2.0308,4.8980
K,1953,0.9064,-1.9102,4.8980
K,1954,1.2011,-1.7400,4.8980
K,1955,1.4646,-1.5248,4.8980
K,1956,1.6903,-1.2701,4.8980
K,1957,1.8721,-0.9826,4.8980
K,1958,2.0055,-0.6695,4.8980
K,1959,2.0869,-0.3392,4.8980
K,1960,2.1143,-0.0000,4.8980
K,1961,2.1000,0.0000,5.0000
K,1962,2.0728,0.3369,5.0000
K,1963,1.9919,0.6650,5.0000
K,1964,1.8595,0.9759,5.0000
K,1965,1.6788,1.2616,5.0000
K,1966,1.4547,1.5145,5.0000
K,1967,1.1929,1.7283,5.0000
K,1968,0.9003,1.8972,5.0000
K,1969,0.5843,2.0171,5.0000
K,1970,0.2531,2.0847,5.0000
K,1971,-0.0846,2.0983,5.0000
K,1972,-0.4201,2.0576,5.0000
K,1973,-0.7447,1.9635,5.0000
K,1974,-1.0500,1.8187,5.0000
K,1975,-1.3281,1.6267,5.0000
K,1976,-1.5719,1.3926,5.0000
K,1977,-1.7749,1.1224,5.0000
K,1978,-1.9320,0.8231,5.0000
K,1979,-2.0390,0.5026,5.0000
K,1980,-2.0932,0.1690,5.0000
K,1981,-2.0932,-0.1690,5.0000
K,1982,-2.0390,-0.5026,5.0000
K,1983,-1.9320,-0.8231,5.0000
K,1984,-1.7749,-1.1224,5.0000
K,1985,-1.5719,-1.3926,5.0000
K,1986,-1.3281,-1.6267,5.0000
K,1987,-1.0500,-1.8187,5.0000
K,1988,-0.7447,-1.9635,5.0000
K,1989,-0.4201,-2.0576,5.0000
K,1990,-0.0846,-2.0983,5.0000
K,1991,0.2531,-2.0847,5.0000
K,1992,0.5843,-2.0171,5.0000
K,1993,0.9003,-1.8972,5.0000
K,1994,1.1929,-1.7283,5.0000
K,1995,1.4547,-1.5145,5.0000
K,1996,1.6788,-1.2616,5.0000
K,1997,1.8595,-0.9759,5.0000
K,1998,1.9919,-0.6650,5.0000
K,1999,2.0728,-0.3369,5.0000
K,2000,2.1000,-0.0000,5.0000

! Material Properties
MP,EX,1,200E9
MP,PRXY,1,0.3

! Results Data (Commented)
! Max Stress: 27.50 MPa
/SOL
SOLVE
FINISH
