! ANSYS APDL BATCH FILE GENERATED BY NVQLINK FEA ENGINE
/PREP7
! Geometry Definitions
K,1,3.4900,-0.0100,0.0000
K,2,2.9028,2.1669,0.2275
K,3,1.0499,3.5387,0.4549
K,4,-1.2791,3.4553,0.6824
K,5,-3.0184,1.9753,0.9099
K,6,-3.4647,-0.2081,1.1373
K,7,-2.5552,-2.1736,1.3648
K,8,-0.7408,-3.2275,1.5923
K,9,1.3421,-3.0339,1.8198
K,10,2.9569,-1.6766,2.0472
K,11,3.4835,0.4377,2.2747
K,12,2.6083,2.5258,2.5022
K,13,0.5768,3.6367,2.7296
K,14,-1.7017,3.2595,2.9571
K,15,-3.2407,1.5471,3.1846
K,16,-3.4034,-0.6672,3.4120
K,17,-2.2634,-2.4912,3.6395
K,18,-0.3246,-3.2933,3.8670
K,19,1.7312,-2.8413,4.0944
K,20,3.1710,-1.2889,4.3219
K,21,3.4388,0.9049,4.5494
K,22,2.2656,2.8445,4.7769
K,23,0.1176,3.6970,5.0043
K,24,-2.0878,3.0135,5.2318
K,25,-3.3855,1.1188,5.4593
K,26,-3.2641,-1.0853,5.6867
K,27,-1.9172,-2.7447,5.9142
K,28,0.1098,-3.2943,6.1417
K,29,2.0914,-2.6075,6.3691
K,30,3.3352,-0.8762,6.5966
K,31,3.3055,1.3333,6.8241
K,32,1.9065,3.1427,7.0515
K,33,-0.3551,3.6820,7.2790
K,34,-2.4428,2.7104,7.5065
K,35,-3.4784,0.6709,7.7340
K,36,-3.0781,-1.4839,7.9614
K,37,-1.5358,-2.9448,8.1889
K,38,0.5133,-3.2740,8.4164
K,39,2.4261,-2.3262,8.6438
K,40,3.4376,-0.4526,8.8713
K,41,3.1375,1.7681,9.0988
K,42,1.4951,3.3720,9.3262
K,43,-0.8199,3.6047,9.5537
K,44,-2.7667,2.3499,9.7812
K,45,-3.5085,0.2222,10.0086
K,46,-2.8539,-1.8619,10.2361
K,47,-1.1539,-3.1184,10.4636
K,48,0.9387,-3.1742,10.6911
K,49,2.7085,-2.0225,10.9185
K,50,3.5055,0.0055,11.1460

! Material Properties
MP,EX,1,200E9
MP,PRXY,1,0.3

! Results Data (Commented)
! Max Stress: 117.03 MPa
/SOL
SOLVE
FINISH
