! ANSYS APDL BATCH FILE GENERATED BY NVQLINK FEA ENGINE
/PREP7
! Geometry Definitions
K,1,3.4952,-0.0048,0.0000
K,2,2.8982,2.1624,0.2089
K,3,1.0599,3.5487,0.4178
K,4,-1.2664,3.4680,0.6266
K,5,-3.0186,1.9750,0.8355
K,6,-3.4695,-0.2129,1.0444
K,7,-2.5576,-2.1760,1.2533
K,8,-0.7328,-3.2195,1.4622
K,9,1.3245,-3.0515,1.6711
K,10,2.9697,-1.6638,1.8799
K,11,3.4930,0.4472,2.0888
K,12,2.6087,2.5262,2.2977
K,13,0.5901,3.6501,2.5066
K,14,-1.7031,3.2581,2.7155
K,15,-3.2429,1.5449,2.9244
K,16,-3.3895,-0.6534,3.1332
K,17,-2.2670,-2.4948,3.3421
K,18,-0.3256,-3.2943,3.5510
K,19,1.7259,-2.8465,3.7599
K,20,3.1708,-1.2891,3.9688
K,21,3.4444,0.9104,4.1777
K,22,2.2769,2.8558,4.3865
K,23,0.1102,3.6896,4.5954
K,24,-2.0961,3.0053,4.8043
K,25,-3.3832,1.1210,5.0132
K,26,-3.2677,-1.0888,5.2221
K,27,-1.9195,-2.7470,5.4310
K,28,0.1170,-3.2871,5.6398
K,29,2.0799,-2.6190,5.8487
K,30,3.3383,-0.8731,6.0576
K,31,3.2994,1.3272,6.2665
K,32,1.9169,3.1532,6.4754
K,33,-0.3590,3.6782,6.6843
K,34,-2.4645,2.6887,6.8931
K,35,-3.4630,0.6864,7.1020
K,36,-3.0844,-1.4901,7.3109
K,37,-1.5364,-2.9455,7.5198
K,38,0.5234,-3.2639,7.7287
K,39,2.4222,-2.3302,7.9376
K,40,3.4405,-0.4497,8.1464
K,41,3.1267,1.7573,8.3553
K,42,1.4858,3.3627,8.5642
K,43,-0.8275,3.5971,8.7731
K,44,-2.7629,2.3537,8.9820
K,45,-3.5214,0.2092,9.1909
K,46,-2.8395,-1.8475,9.3997
K,47,-1.1500,-3.1145,9.6086
K,48,0.9364,-3.1764,9.8175
K,49,2.7011,-2.0299,10.0264
K,50,3.5042,0.0042,10.2353

! Material Properties
MP,EX,1,200E9
MP,PRXY,1,0.3

! Results Data (Commented)
! Max Stress: 107.47 MPa
/SOL
SOLVE
FINISH
