! ANSYS APDL BATCH FILE GENERATED BY NVQLINK FEA ENGINE
/PREP7
! Geometry Definitions
K,1,3.5043,0.0000,0.0000
K,2,3.4840,0.5662,0.0000
K,3,3.3811,1.1288,0.0000
K,4,3.1811,1.6696,0.0000
K,5,2.8931,2.1740,0.0000
K,6,2.5255,2.6293,0.0000
K,7,2.0835,3.0185,0.0000
K,8,1.5767,3.3228,0.0000
K,9,1.0267,3.5447,0.0000
K,10,0.4459,3.6722,0.0000
K,11,-0.1489,3.6953,0.0000
K,12,-0.7382,3.6160,0.0000
K,13,-1.3092,3.4522,0.0000
K,14,-1.8361,3.1802,0.0000
K,15,-2.3087,2.8276,0.0000
K,16,-2.7189,2.4087,0.0000
K,17,-3.0472,1.9270,0.0000
K,18,-3.2931,1.4030,0.0000
K,19,-3.4494,0.8502,0.0000
K,20,-3.5103,0.2834,0.0000
K,21,-3.4709,-0.2802,0.0000
K,22,-3.3511,-0.8260,0.0000
K,23,-3.1566,-1.3449,0.0000
K,24,-2.8684,-1.8138,0.0000
K,25,-2.5236,-2.2357,0.0000
K,26,-2.1174,-2.5933,0.0000
K,27,-1.6648,-2.8835,0.0000
K,28,-1.1746,-3.0971,0.0000
K,29,-0.6613,-3.2393,0.0000
K,30,-0.1329,-3.2985,0.0000
K,31,0.3979,-3.2773,0.0000
K,32,0.9192,-3.1736,0.0000
K,33,1.4232,-2.9993,0.0000
K,34,1.8950,-2.7454,0.0000
K,35,2.3262,-2.4218,0.0000
K,36,2.7029,-2.0311,0.0000
K,37,3.0170,-1.5834,0.0000
K,38,3.2627,-1.0892,0.0000
K,39,3.4244,-0.5565,0.0000
K,40,3.5038,-0.0000,0.0000
K,41,3.6356,0.0000,0.2388
K,42,3.5630,0.5790,0.2388
K,43,3.3969,1.1341,0.2388
K,44,3.1459,1.6511,0.2388
K,45,2.8192,2.1185,0.2388
K,46,2.4160,2.5153,0.2388
K,47,1.9652,2.8471,0.2388
K,48,1.4684,3.0945,0.2388
K,49,0.9472,3.2702,0.2388
K,50,0.4071,3.3529,0.2388
K,51,-0.1348,3.3459,0.2388
K,52,-0.6660,3.2621,0.2388
K,53,-1.1752,3.0988,0.2388
K,54,-1.6550,2.8665,0.2388
K,55,-2.0887,2.5582,0.2388
K,56,-2.4680,2.1864,0.2388
K,57,-2.7966,1.7685,0.2388
K,58,-3.0519,1.3003,0.2388
K,59,-3.2331,0.7969,0.2388
K,60,-3.3376,0.2694,0.2388
K,61,-3.3636,-0.2715,0.2388
K,62,-3.3023,-0.8139,0.2388
K,63,-3.1537,-1.3437,0.2388
K,64,-2.9285,-1.8519,0.2388
K,65,-2.6160,-2.3176,0.2388
K,66,-2.2295,-2.7306,0.2388
K,67,-1.7794,-3.0819,0.2388
K,68,-1.2704,-3.3498,0.2388
K,69,-0.7226,-3.5396,0.2388
K,70,-0.1466,-3.6372,0.2388
K,71,0.4414,-3.6349,0.2388
K,72,1.0237,-3.5342,0.2388
K,73,1.5821,-3.3343,0.2388
K,74,2.1014,-3.0445,0.2388
K,75,2.5600,-2.6652,0.2388
K,76,2.9581,-2.2229,0.2388
K,77,3.2646,-1.7134,0.2388
K,78,3.4897,-1.1650,0.2388
K,79,3.6104,-0.5868,0.2388
K,80,3.6357,-0.0000,0.2388
K,81,3.3029,0.0000,0.4776
K,82,3.2667,0.5309,0.4776
K,83,3.1454,1.0501,0.4776
K,84,2.9477,1.5471,0.4776
K,85,2.6747,2.0099,0.4776
K,86,2.3315,2.4273,0.4776
K,87,1.9308,2.7973,0.4776
K,88,1.4669,3.0915,0.4776
K,89,0.9604,3.3158,0.4776
K,90,0.4195,3.4550,0.4776
K,91,-0.1418,3.5177,0.4776
K,92,-0.7109,3.4820,0.4776
K,93,-1.2702,3.3493,0.4776
K,94,-1.8070,3.1297,0.4776
K,95,-2.2982,2.8147,0.4776
K,96,-2.7398,2.4273,0.4776
K,97,-3.1022,1.9617,0.4776
K,98,-3.3966,1.4472,0.4776
K,99,-3.5903,0.8849,0.4776
K,100,-3.6880,0.2977,0.4776
K,101,-3.6788,-0.2970,0.4776
K,102,-3.5838,-0.8833,0.4776
K,103,-3.3851,-1.4423,0.4776
K,104,-3.0921,-1.9553,0.4776
K,105,-2.7232,-2.4125,0.4776
K,106,-2.2907,-2.8056,0.4776
K,107,-1.7955,-3.1099,0.4776
K,108,-1.2617,-3.3268,0.4776
K,109,-0.7067,-3.4616,0.4776
K,110,-0.1408,-3.4942,0.4776
K,111,0.4171,-3.4348,0.4776
K,112,0.9572,-3.3048,0.4776
K,113,1.4585,-3.0738,0.4776
K,114,1.9178,-2.7784,0.4776
K,115,2.3205,-2.4159,0.4776
K,116,2.6670,-2.0041,0.4776
K,117,2.9387,-1.5423,0.4776
K,118,3.1325,-1.0458,0.4776
K,119,3.2616,-0.5301,0.4776
K,120,3.3031,-0.0000,0.4776
K,121,3.6538,0.0000,0.7164
K,122,3.6291,0.5898,0.7164
K,123,3.5024,1.1693,0.7164
K,124,3.2736,1.7181,0.7164
K,125,2.9588,2.2234,0.7164
K,126,2.5588,2.6640,0.7164
K,127,2.0959,3.0365,0.7164
K,128,1.5780,3.3256,0.7164
K,129,1.0202,3.5221,0.7164
K,130,0.4389,3.6143,0.7164
K,131,-0.1457,3.6167,0.7164
K,132,-0.7180,3.5171,0.7164
K,133,-1.2647,3.3346,0.7164
K,134,-1.7695,3.0648,0.7164
K,135,-2.2121,2.7094,0.7164
K,136,-2.5998,2.3032,0.7164
K,137,-2.9046,1.8368,0.7164
K,138,-3.1311,1.3340,0.7164
K,139,-3.2868,0.8101,0.7164
K,140,-3.3447,0.2700,0.7164
K,141,-3.3298,-0.2688,0.7164
K,142,-3.2298,-0.7961,0.7164
K,143,-3.0431,-1.2965,0.7164
K,144,-2.7913,-1.7651,0.7164
K,145,-2.4684,-2.1868,0.7164
K,146,-2.0911,-2.5611,0.7164
K,147,-1.6568,-2.8696,0.7164
K,148,-1.1807,-3.1133,0.7164
K,149,-0.6685,-3.2744,0.7164
K,150,-0.1357,-3.3669,0.7164
K,151,0.4093,-3.3710,0.7164
K,152,0.9517,-3.2857,0.7164
K,153,1.4799,-3.1187,0.7164
K,154,1.9766,-2.8636,0.7164
K,155,2.4373,-2.5375,0.7164
K,156,2.8320,-2.1281,0.7164
K,157,3.1677,-1.6625,0.7164
K,158,3.4219,-1.1424,0.7164
K,159,3.5892,-0.5833,0.7164
K,160,3.6517,-0.0000,0.7164
K,161,3.4766,0.0000,0.9552
K,162,3.4010,0.5527,0.9552
K,163,3.2383,1.0811,0.9552
K,164,2.9926,1.5706,0.9552
K,165,2.6853,2.0179,0.9552
K,166,2.3145,2.4097,0.9552
K,167,1.8862,2.7327,0.9552
K,168,1.4180,2.9883,0.9552
K,169,0.9195,3.1746,0.9552
K,170,0.3980,3.2780,0.9552
K,171,-0.1331,3.3035,0.9552
K,172,-0.6617,3.2414,0.9552
K,173,-1.1786,3.1077,0.9552
K,174,-1.6699,2.8924,0.9552
K,175,-2.1282,2.6065,0.9552
K,176,-2.5330,2.2440,0.9552
K,177,-2.8877,1.8261,0.9552
K,178,-3.1701,1.3506,0.9552
K,179,-3.3722,0.8312,0.9552
K,180,-3.4992,0.2825,0.9552
K,181,-3.5265,-0.2847,0.9552
K,182,-3.4712,-0.8556,0.9552
K,183,-3.3153,-1.4125,0.9552
K,184,-3.0691,-1.9408,0.9552
K,185,-2.7318,-2.4202,0.9552
K,186,-2.3180,-2.8391,0.9552
K,187,-1.8428,-3.1919,0.9552
K,188,-1.3086,-3.4505,0.9552
K,189,-0.7402,-3.6255,0.9552
K,190,-0.1491,-3.6995,0.9552
K,191,0.4452,-3.6668,0.9552
K,192,1.0253,-3.5398,0.9552
K,193,1.5750,-3.3192,0.9552
K,194,2.0698,-2.9986,0.9552
K,195,2.5099,-2.6131,0.9552
K,196,2.8784,-2.1630,0.9552
K,197,3.1605,-1.6587,0.9552
K,198,3.3549,-1.1200,0.9552
K,199,3.4620,-0.5626,0.9552
K,200,3.4789,-0.0000,0.9552
K,201,3.3829,0.0000,1.1940
K,202,3.3662,0.5471,1.1940
K,203,3.2613,1.0888,1.1940
K,204,3.0740,1.6133,1.1940
K,205,2.8026,2.1060,1.1940
K,206,2.4528,2.5536,1.1940
K,207,2.0239,2.9321,1.1940
K,208,1.5448,3.2557,1.1940
K,209,1.0076,3.4787,1.1940
K,210,0.4402,3.6251,1.1940
K,211,-0.1478,3.6681,1.1940
K,212,-0.7364,3.6070,1.1940
K,213,-1.3097,3.4534,1.1940
K,214,-1.8440,3.1938,1.1940
K,215,-2.3405,2.8666,1.1940
K,216,-2.7701,2.4541,1.1940
K,217,-3.1123,1.9681,1.1940
K,218,-3.3794,1.4398,1.1940
K,219,-3.5480,0.8745,1.1940
K,220,-3.6176,0.2920,1.1940
K,221,-3.5911,-0.2899,1.1940
K,222,-3.4666,-0.8544,1.1940
K,223,-3.2624,-1.3900,1.1940
K,224,-2.9681,-1.8769,1.1940
K,225,-2.6024,-2.3056,1.1940
K,226,-2.1799,-2.6699,1.1940
K,227,-1.7087,-2.9596,1.1940
K,228,-1.2021,-3.1698,1.1940
K,229,-0.6725,-3.2942,1.1940
K,230,-0.1347,-3.3436,1.1940
K,231,0.4010,-3.3023,1.1940
K,232,0.9221,-3.1835,1.1940
K,233,1.4167,-2.9856,1.1940
K,234,1.8751,-2.7165,1.1940
K,235,2.2865,-2.3805,1.1940
K,236,2.6481,-1.9899,1.1940
K,237,2.9408,-1.5434,1.1940
K,238,3.1631,-1.0560,1.1940
K,239,3.3241,-0.5402,1.1940
K,240,3.3792,-0.0000,1.1940
K,241,3.7000,0.0000,1.4328
K,242,3.6403,0.5916,1.4328
K,243,3.4897,1.1650,1.4328
K,244,3.2390,1.6999,1.4328
K,245,2.9049,2.1829,1.4328
K,246,2.5007,2.6035,1.4328
K,247,2.0326,2.9447,1.4328
K,248,1.5225,3.2085,1.4328
K,249,0.9779,3.3759,1.4328
K,250,0.4209,3.4662,1.4328
K,251,-0.1390,3.4496,1.4328
K,252,-0.6854,3.3576,1.4328
K,253,-1.2031,3.1724,1.4328
K,254,-1.6854,2.9192,1.4328
K,255,-2.1180,2.5941,1.4328
K,256,-2.4933,2.2088,1.4328
K,257,-2.8006,1.7710,1.4328
K,258,-3.0469,1.2982,1.4328
K,259,-3.2069,0.7904,1.4328
K,260,-3.2892,0.2655,1.4328
K,261,-3.3019,-0.2666,1.4328
K,262,-3.2189,-0.7934,1.4328
K,263,-3.0708,-1.3083,1.4328
K,264,-2.8343,-1.7923,1.4328
K,265,-2.5281,-2.2397,1.4328
K,266,-2.1524,-2.6362,1.4328
K,267,-1.7165,-2.9731,1.4328
K,268,-1.2307,-3.2451,1.4328
K,269,-0.7001,-3.4291,1.4328
K,270,-0.1423,-3.5319,1.4328
K,271,0.4299,-3.5406,1.4328
K,272,0.9999,-3.4521,1.4328
K,273,1.5507,-3.2681,1.4328
K,274,2.0686,-2.9968,1.4328
K,275,2.5372,-2.6415,1.4328
K,276,2.9453,-2.2133,1.4328
K,277,3.2674,-1.7148,1.4328
K,278,3.5039,-1.1698,1.4328
K,279,3.6531,-0.5937,1.4328
K,280,3.6953,-0.0000,1.4328
K,281,3.3308,0.0000,1.6716
K,282,3.2742,0.5321,1.6716
K,283,3.1397,1.0482,1.6716
K,284,2.9243,1.5348,1.6716
K,285,2.6409,1.9845,1.6716
K,286,2.2905,2.3847,1.6716
K,287,1.8835,2.7288,1.6716
K,288,1.4289,3.0113,1.6716
K,289,0.9327,3.2200,1.6716
K,290,0.4061,3.3448,1.6716
K,291,-0.1367,3.3920,1.6716
K,292,-0.6866,3.3632,1.6716
K,293,-1.2274,3.2365,1.6716
K,294,-1.7466,3.0252,1.6716
K,295,-2.2308,2.7322,1.6716
K,296,-2.6638,2.3599,1.6716
K,297,-3.0311,1.9167,1.6716
K,298,-3.3239,1.4162,1.6716
K,299,-3.5310,0.8703,1.6716
K,300,-3.6452,0.2943,1.6716
K,301,-3.6674,-0.2961,1.6716
K,302,-3.5825,-0.8830,1.6716
K,303,-3.3972,-1.4474,1.6716
K,304,-3.1291,-1.9787,1.6716
K,305,-2.7693,-2.4534,1.6716
K,306,-2.3331,-2.8575,1.6716
K,307,-1.8394,-3.1859,1.6716
K,308,-1.2967,-3.4191,1.6716
K,309,-0.7275,-3.5636,1.6716
K,310,-0.1455,-3.6112,1.6716
K,311,0.4319,-3.5572,1.6716
K,312,0.9888,-3.4139,1.6716
K,313,1.5120,-3.1864,1.6716
K,314,1.9838,-2.8740,1.6716
K,315,2.3964,-2.4950,1.6716
K,316,2.7397,-2.0588,1.6716
K,317,3.0128,-1.5812,1.6716
K,318,3.2051,-1.0700,1.6716
K,319,3.3092,-0.5378,1.6716
K,320,3.3298,-0.0000,1.6716
K,321,3.5486,0.0000,1.9105
K,322,3.5317,0.5740,1.9105
K,323,3.4256,1.1436,1.9105
K,324,3.2165,1.6881,1.9105
K,325,2.9244,2.1975,1.9105
K,326,2.5423,2.6468,1.9105
K,327,2.1000,3.0424,1.9105
K,328,1.5848,3.3398,1.9105
K,329,1.0286,3.5512,1.9105
K,330,0.4456,3.6701,1.9105
K,331,-0.1486,3.6874,1.9105
K,332,-0.7353,3.6018,1.9105
K,333,-1.2980,3.4225,1.9105
K,334,-1.8239,3.1590,1.9105
K,335,-2.2857,2.7994,1.9105
K,336,-2.6872,2.3806,1.9105
K,337,-3.0094,1.9030,1.9105
K,338,-3.2512,1.3852,1.9105
K,339,-3.4029,0.8387,1.9105
K,340,-3.4572,0.2791,1.9105
K,341,-3.4200,-0.2761,1.9105
K,342,-3.3093,-0.8157,1.9105
K,343,-3.1078,-1.3241,1.9105
K,344,-2.8331,-1.7915,1.9105
K,345,-2.4945,-2.2099,1.9105
K,346,-2.0985,-2.5702,1.9105
K,347,-1.6561,-2.8685,1.9105
K,348,-1.1686,-3.0814,1.9105
K,349,-0.6611,-3.2383,1.9105
K,350,-0.1332,-3.3055,1.9105
K,351,0.3994,-3.2897,1.9105
K,352,0.9261,-3.1973,1.9105
K,353,1.4340,-3.0220,1.9105
K,354,1.9150,-2.7743,1.9105
K,355,2.3548,-2.4516,1.9105
K,356,2.7350,-2.0552,1.9105
K,357,3.0593,-1.6056,1.9105
K,358,3.3068,-1.1040,1.9105
K,359,3.4673,-0.5635,1.9105
K,360,3.5492,-0.0000,1.9105
K,361,3.5956,0.0000,2.1493
K,362,3.5188,0.5719,2.1493
K,363,3.3541,1.1198,2.1493
K,364,3.1015,1.6278,2.1493
K,365,2.7751,2.0854,2.1493
K,366,2.3815,2.4794,2.1493
K,367,1.9393,2.8096,2.1493
K,368,1.4498,3.0553,2.1493
K,369,0.9338,3.2240,2.1493
K,370,0.4024,3.3141,2.1493
K,371,-0.1338,3.3192,2.1493
K,372,-0.6625,3.2449,2.1493
K,373,-1.1725,3.0917,2.1493
K,374,-1.6500,2.8579,2.1493
K,375,-2.0870,2.5561,2.1493
K,376,-2.4811,2.1981,2.1493
K,377,-2.8058,1.7743,2.1493
K,378,-3.0733,1.3094,2.1493
K,379,-3.2608,0.8037,2.1493
K,380,-3.3819,0.2730,2.1493
K,381,-3.4069,-0.2750,2.1493
K,382,-3.3494,-0.8255,2.1493
K,383,-3.2052,-1.3656,2.1493
K,384,-2.9680,-1.8769,2.1493
K,385,-2.6577,-2.3545,2.1493
K,386,-2.2580,-2.7656,2.1493
K,387,-1.8035,-3.1237,2.1493
K,388,-1.2870,-3.3936,2.1493
K,389,-0.7307,-3.5794,2.1493
K,390,-0.1477,-3.6639,2.1493
K,391,0.4438,-3.6547,2.1493
K,392,1.0290,-3.5526,2.1493
K,393,1.5890,-3.3487,2.1493
K,394,2.1003,-3.0428,2.1493
K,395,2.5585,-2.6637,2.1493
K,396,2.9434,-2.2118,2.1493
K,397,3.2486,-1.7050,2.1493
K,398,3.4577,-1.1544,2.1493
K,399,3.5814,-0.5820,2.1493
K,400,3.5982,-0.0000,2.1493
K,401,3.3114,0.0000,2.3881
K,402,3.2753,0.5323,2.3881
K,403,3.1670,1.0573,2.3881
K,404,2.9808,1.5644,2.3881
K,405,2.7040,2.0319,2.3881
K,406,2.3667,2.4640,2.3881
K,407,1.9555,2.8330,2.3881
K,408,1.4889,3.1378,2.3881
K,409,0.9756,3.3683,2.3881
K,410,0.4268,3.5149,2.3881
K,411,-0.1437,3.5669,2.3881
K,412,-0.7200,3.5269,2.3881
K,413,-1.2832,3.3836,2.3881
K,414,-1.8252,3.1613,2.3881
K,415,-2.3197,2.8411,2.3881
K,416,-2.7567,2.4422,2.3881
K,417,-3.1237,1.9753,2.3881
K,418,-3.4075,1.4518,2.3881
K,419,-3.5885,0.8845,2.3881
K,420,-3.6836,0.2974,2.3881
K,421,-3.6782,-0.2969,2.3881
K,422,-3.5638,-0.8784,2.3881
K,423,-3.3606,-1.4318,2.3881
K,424,-3.0661,-1.9389,2.3881
K,425,-2.6970,-2.3894,2.3881
K,426,-2.2591,-2.7669,2.3881
K,427,-1.7705,-3.0667,2.3881
K,428,-1.2442,-3.2807,2.3881
K,429,-0.6960,-3.4093,2.3881
K,430,-0.1385,-3.4361,2.3881
K,431,0.4113,-3.3878,2.3881
K,432,0.9403,-3.2464,2.3881
K,433,1.4427,-3.0404,2.3881
K,434,1.8993,-2.7516,2.3881
K,435,2.3024,-2.3970,2.3881
K,436,2.6475,-1.9895,2.3881
K,437,2.9263,-1.5358,2.3881
K,438,3.1312,-1.0453,2.3881
K,439,3.2610,-0.5300,2.3881
K,440,3.3112,-0.0000,2.3881
K,441,3.6860,0.0000,2.6269
K,442,3.6452,0.5924,2.6269
K,443,3.5118,1.1724,2.6269
K,444,3.2760,1.7194,2.6269
K,445,2.9556,2.2210,2.6269
K,446,2.5512,2.6561,2.6269
K,447,2.0875,3.0242,2.6269
K,448,1.5651,3.2984,2.6269
K,449,1.0118,3.4930,2.6269
K,450,0.4353,3.5848,2.6269
K,451,-0.1441,3.5768,2.6269
K,452,-0.7091,3.4732,2.6269
K,453,-1.2477,3.2898,2.6269
K,454,-1.7400,3.0138,2.6269
K,455,-2.1850,2.6762,2.6269
K,456,-2.5625,2.2701,2.6269
K,457,-2.8664,1.8126,2.6269
K,458,-3.0988,1.3203,2.6269
K,459,-3.2414,0.7989,2.6269
K,460,-3.3123,0.2674,2.6269
K,461,-3.2992,-0.2663,2.6269
K,462,-3.2041,-0.7897,2.6269
K,463,-3.0389,-1.2947,2.6269
K,464,-2.7902,-1.7644,2.6269
K,465,-2.4764,-2.1939,2.6269
K,466,-2.1015,-2.5739,2.6269
K,467,-1.6650,-2.8839,2.6269
K,468,-1.1903,-3.1385,2.6269
K,469,-0.6759,-3.3108,2.6269
K,470,-0.1371,-3.4031,2.6269
K,471,0.4149,-3.4169,2.6269
K,472,0.9656,-3.3336,2.6269
K,473,1.5018,-3.1650,2.6269
K,474,2.0062,-2.9065,2.6269
K,475,2.4703,-2.5718,2.6269
K,476,2.8739,-2.1596,2.6269
K,477,3.2057,-1.6825,2.6269
K,478,3.4564,-1.1539,2.6269
K,479,3.6157,-0.5876,2.6269
K,480,3.6753,-0.0000,2.6269
K,481,3.4246,0.0000,2.8657
K,482,3.3497,0.5444,2.8657
K,483,3.1972,1.0674,2.8657
K,484,2.9620,1.5546,2.8657
K,485,2.6611,1.9997,2.8657
K,486,2.2968,2.3912,2.8657
K,487,1.8771,2.7195,2.8657
K,488,1.4129,2.9777,2.8657
K,489,0.9186,3.1715,2.8657
K,490,0.3986,3.2824,2.8657
K,491,-0.1335,3.3126,2.8657
K,492,-0.6664,3.2641,2.8657
K,493,-1.1874,3.1309,2.8657
K,494,-1.6890,2.9254,2.8657
K,495,-2.1555,2.6400,2.8657
K,496,-2.5702,2.2770,2.8657
K,497,-2.9323,1.8543,2.8657
K,498,-3.2193,1.3716,2.8657
K,499,-3.4264,0.8445,2.8657
K,500,-3.5463,0.2863,2.8657
K,501,-3.5807,-0.2891,2.8657
K,502,-3.5096,-0.8650,2.8657
K,503,-3.3511,-1.4278,2.8657
K,504,-3.0992,-1.9598,2.8657
K,505,-2.7554,-2.4410,2.8657
K,506,-2.3312,-2.8552,2.8657
K,507,-1.8471,-3.1994,2.8657
K,508,-1.3103,-3.4551,2.8657
K,509,-0.7398,-3.6240,2.8657
K,510,-0.1484,-3.6828,2.8657
K,511,0.4431,-3.6493,2.8657
K,512,1.0172,-3.5117,2.8657
K,513,1.5576,-3.2826,2.8657
K,514,2.0519,-2.9727,2.8657
K,515,2.4791,-2.5810,2.8657
K,516,2.8444,-2.1374,2.8657
K,517,3.1229,-1.6390,2.8657
K,518,3.3101,-1.1051,2.8657
K,519,3.4103,-0.5542,2.8657
K,520,3.4256,-0.0000,2.8657
K,521,3.4278,0.0000,3.1045
K,522,3.4126,0.5546,3.1045
K,523,3.3106,1.1052,3.1045
K,524,3.1230,1.6391,3.1045
K,525,2.8411,2.1350,3.1045
K,526,2.4813,2.5833,3.1045
K,527,2.0532,2.9746,3.1045
K,528,1.5600,3.2876,3.1045
K,529,1.0185,3.5161,3.1045
K,530,0.4431,3.6493,3.1045
K,531,-0.1486,3.6887,3.1045
K,532,-0.7396,3.6228,3.1045
K,533,-1.3116,3.4584,3.1045
K,534,-1.8508,3.2057,3.1045
K,535,-2.3324,2.8567,3.1045
K,536,-2.7513,2.4374,3.1045
K,537,-3.0903,1.9542,3.1045
K,538,-3.3548,1.4294,3.1045
K,539,-3.5081,0.8647,3.1045
K,540,-3.5757,0.2887,3.1045
K,541,-3.5503,-0.2866,3.1045
K,542,-3.4250,-0.8442,3.1045
K,543,-3.2196,-1.3718,3.1045
K,544,-2.9285,-1.8519,3.1045
K,545,-2.5683,-2.2753,3.1045
K,546,-2.1487,-2.6317,3.1045
K,547,-1.6880,-2.9237,3.1045
K,548,-1.1880,-3.1325,3.1045
K,549,-0.6657,-3.2608,3.1045
K,550,-0.1335,-3.3138,3.1045
K,551,0.3990,-3.2862,3.1045
K,552,0.9175,-3.1677,3.1045
K,553,1.4160,-2.9842,3.1045
K,554,1.8779,-2.7206,3.1045
K,555,2.2965,-2.3909,3.1045
K,556,2.6651,-2.0027,3.1045
K,557,2.9631,-1.5552,3.1045
K,558,3.2019,-1.0689,3.1045
K,559,3.3548,-0.5452,3.1045
K,560,3.4285,-0.0000,3.1045
K,561,3.6805,0.0000,3.3433
K,562,3.6144,0.5874,3.3433
K,563,3.4574,1.1542,3.3433
K,564,3.2036,1.6814,3.3433
K,565,2.8706,2.1571,3.3433
K,566,2.4679,2.5694,3.3433
K,567,2.0046,2.9042,3.3433
K,568,1.5024,3.1663,3.3433
K,569,0.9641,3.3284,3.3433
K,570,0.4143,3.4122,3.3433
K,571,-0.1371,3.4029,3.3433
K,572,-0.6750,3.3064,3.3433
K,573,-1.1915,3.1418,3.3433
K,574,-1.6689,2.8905,3.3433
K,575,-2.1018,2.5743,3.3433
K,576,-2.4756,2.1932,3.3433
K,577,-2.7896,1.7640,3.3433
K,578,-3.0341,1.2927,3.3433
K,579,-3.2072,0.7905,3.3433
K,580,-3.3029,0.2666,3.3433
K,581,-3.3161,-0.2677,3.3433
K,582,-3.2458,-0.8000,3.3433
K,583,-3.0974,-1.3197,3.3433
K,584,-2.8708,-1.8154,3.3433
K,585,-2.5619,-2.2697,3.3433
K,586,-2.1859,-2.6772,3.3433
K,587,-1.7428,-3.0186,3.3433
K,588,-1.2480,-3.2907,3.3433
K,589,-0.7092,-3.4738,3.3433
K,590,-0.1441,-3.5751,3.3433
K,591,0.4347,-3.5800,3.3433
K,592,1.0101,-3.4874,3.3433
K,593,1.5673,-3.3030,3.3433
K,594,2.0845,-3.0199,3.3433
K,595,2.5534,-2.6583,3.3433
K,596,2.9493,-2.2162,3.3433
K,597,3.2742,-1.7184,3.3433
K,598,3.5032,-1.1695,3.3433
K,599,3.6456,-0.5925,3.3433
K,600,3.6739,-0.0000,3.3433
K,601,3.3087,0.0000,3.5821
K,602,3.2601,0.5298,3.5821
K,603,3.1339,1.0463,3.5821
K,604,2.9238,1.5345,3.5821
K,605,2.6444,1.9871,3.5821
K,606,2.3043,2.3990,3.5821
K,607,1.9011,2.7543,3.5821
K,608,1.4419,3.0387,3.5821
K,609,0.9439,3.2586,3.5821
K,610,0.4116,3.3899,3.5821
K,611,-0.1387,3.4426,3.5821
K,612,-0.6952,3.4055,3.5821
K,613,-1.2441,3.2804,3.5821
K,614,-1.7725,3.0701,3.5821
K,615,-2.2605,2.7686,3.5821
K,616,-2.6972,2.3895,3.5821
K,617,-3.0643,1.9377,3.5821
K,618,-3.3584,1.4309,3.5821
K,619,-3.5610,0.8777,3.5821
K,620,-3.6726,0.2965,3.5821
K,621,-3.6821,-0.2973,3.5821
K,622,-3.5871,-0.8842,3.5821
K,623,-3.3985,-1.4480,3.5821
K,624,-3.1195,-1.9727,3.5821
K,625,-2.7570,-2.4425,3.5821
K,626,-2.3173,-2.8382,3.5821
K,627,-1.8220,-3.1559,3.5821
K,628,-1.2853,-3.3890,3.5821
K,629,-0.7197,-3.5253,3.5821
K,630,-0.1438,-3.5691,3.5821
K,631,0.4263,-3.5108,3.5821
K,632,0.9748,-3.3653,3.5821
K,633,1.4899,-3.1400,3.5821
K,634,1.9543,-2.8313,3.5821
K,635,2.3635,-2.4606,3.5821
K,636,2.7022,-2.0306,3.5821
K,637,2.9802,-1.5641,3.5821
K,638,3.1600,-1.0550,3.5821
K,639,3.2802,-0.5331,3.5821
K,640,3.3115,-0.0000,3.5821
K,641,3.5957,0.0000,3.8209
K,642,3.5761,0.5812,3.8209
K,643,3.4637,1.1563,3.8209
K,644,3.2478,1.7046,3.8209
K,645,2.9421,2.2108,3.8209
K,646,2.5574,2.6626,3.8209
K,647,2.0988,3.0407,3.8209
K,648,1.5861,3.3427,3.8209
K,649,1.0288,3.5519,3.8209
K,650,0.4448,3.6630,3.8209
K,651,-0.1478,3.6664,3.8209
K,652,-0.7298,3.5747,3.8209
K,653,-1.2879,3.3958,3.8209
K,654,-1.8003,3.1182,3.8209
K,655,-2.2610,2.7692,3.8209
K,656,-2.6527,2.3501,3.8209
K,657,-2.9680,1.8769,3.8209
K,658,-3.2008,1.3637,3.8209
K,659,-3.3488,0.8254,3.8209
K,660,-3.3958,0.2741,3.8209
K,661,-3.3744,-0.2724,3.8209
K,662,-3.2688,-0.8057,3.8209
K,663,-3.0757,-1.3104,3.8209
K,664,-2.8077,-1.7755,3.8209
K,665,-2.4804,-2.1974,3.8209
K,666,-2.0922,-2.5625,3.8209
K,667,-1.6513,-2.8601,3.8209
K,668,-1.1710,-3.0877,3.8209
K,669,-0.6620,-3.2425,3.8209
K,670,-0.1338,-3.3196,3.8209
K,671,0.4029,-3.3179,3.8209
K,672,0.9353,-3.2290,3.8209
K,673,1.4492,-3.0541,3.8209
K,674,1.9396,-2.8101,3.8209
K,675,2.3850,-2.4830,3.8209
K,676,2.7747,-2.0851,3.8209
K,677,3.1012,-1.6276,3.8209
K,678,3.3549,-1.1200,3.8209
K,679,3.5224,-0.5725,3.8209
K,680,3.5950,-0.0000,3.8209
K,681,3.5539,0.0000,4.0597
K,682,3.4721,0.5643,4.0597
K,683,3.3067,1.1039,4.0597
K,684,3.0564,1.6041,4.0597
K,685,2.7358,2.0558,4.0597
K,686,2.3505,2.4471,4.0597
K,687,1.9142,2.7733,4.0597
K,688,1.4320,3.0179,4.0597
K,689,0.9254,3.1947,4.0597
K,690,0.3995,3.2903,4.0597
K,691,-0.1332,3.3056,4.0597
K,692,-0.6602,3.2339,4.0597
K,693,-1.1720,3.0902,4.0597
K,694,-1.6547,2.8661,4.0597
K,695,-2.1018,2.5743,4.0597
K,696,-2.4973,2.2124,4.0597
K,697,-2.8356,1.7931,4.0597
K,698,-3.1050,1.3229,4.0597
K,699,-3.3040,0.8144,4.0597
K,700,-3.4226,0.2763,4.0597
K,701,-3.4486,-0.2784,4.0597
K,702,-3.3942,-0.8366,4.0597
K,703,-3.2454,-1.3827,4.0597
K,704,-3.0130,-1.9053,4.0597
K,705,-2.6903,-2.3834,4.0597
K,706,-2.2912,-2.8062,4.0597
K,707,-1.8238,-3.1589,4.0597
K,708,-1.2992,-3.4258,4.0597
K,709,-0.7362,-3.6060,4.0597
K,710,-0.1486,-3.6886,4.0597
K,711,0.4461,-3.6740,4.0597
K,712,1.0282,-3.5496,4.0597
K,713,1.5815,-3.3329,4.0597
K,714,2.0908,-3.0290,4.0597
K,715,2.5446,-2.6492,4.0597
K,716,2.9224,-2.1961,4.0597
K,717,3.2135,-1.6866,4.0597
K,718,3.4247,-1.1433,4.0597
K,719,3.5310,-0.5738,4.0597
K,720,3.5519,-0.0000,4.0597
K,721,3.3340,0.0000,4.2985
K,722,3.3152,0.5388,4.2985
K,723,3.2023,1.0691,4.2985
K,724,3.0135,1.5816,4.2985
K,725,2.7396,2.0587,4.2985
K,726,2.4009,2.4996,4.2985
K,727,1.9875,2.8794,4.2985
K,728,1.5115,3.1853,4.2985
K,729,0.9910,3.4212,4.2985
K,730,0.4323,3.5606,4.2985
K,731,-0.1456,3.6129,4.2985
K,732,-0.7279,3.5653,4.2985
K,733,-1.2984,3.4235,4.2985
K,734,-1.8369,3.1817,4.2985
K,735,-2.3374,2.8628,4.2985
K,736,-2.7672,2.4515,4.2985
K,737,-3.1258,1.9766,4.2985
K,738,-3.4039,1.4503,4.2985
K,739,-3.5823,0.8830,4.2985
K,740,-3.6605,0.2955,4.2985
K,741,-3.6430,-0.2941,4.2985
K,742,-3.5318,-0.8705,4.2985
K,743,-3.3235,-1.4160,4.2985
K,744,-3.0343,-1.9188,4.2985
K,745,-2.6598,-2.3564,4.2985
K,746,-2.2294,-2.7306,4.2985
K,747,-1.7430,-3.0190,4.2985
K,748,-1.2273,-3.2362,4.2985
K,749,-0.6856,-3.3584,4.2985
K,750,-0.1366,-3.3897,4.2985
K,751,0.4062,-3.3455,4.2985
K,752,0.9333,-3.2223,4.2985
K,753,1.4273,-3.0080,4.2985
K,754,1.8843,-2.7299,4.2985
K,755,2.2907,-2.3849,4.2985
K,756,2.6388,-1.9829,4.2985
K,757,2.9250,-1.5352,4.2985
K,758,3.1356,-1.0468,4.2985
K,759,3.2765,-0.5325,4.2985
K,760,3.3306,-0.0000,4.2985
K,761,3.6960,0.0000,4.5373
K,762,3.6524,0.5936,4.5373
K,763,3.5049,1.1701,4.5373
K,764,3.2684,1.7154,4.5373
K,765,2.9426,2.2112,4.5373
K,766,2.5352,2.6394,4.5373
K,767,2.0667,2.9941,4.5373
K,768,1.5494,3.2653,4.5373
K,769,0.9994,3.4503,4.5373
K,770,0.4293,3.5360,4.5373
K,771,-0.1421,3.5251,4.5373
K,772,-0.6986,3.4222,4.5373
K,773,-1.2305,3.2446,4.5373
K,774,-1.7182,2.9760,4.5373
K,775,-2.1532,2.6372,4.5373
K,776,-2.5282,2.2398,4.5373
K,777,-2.8362,1.7935,4.5373
K,778,-3.0674,1.3069,4.5373
K,779,-3.2201,0.7937,4.5373
K,780,-3.2915,0.2657,4.5373
K,781,-3.2954,-0.2660,4.5373
K,782,-3.2036,-0.7896,4.5373
K,783,-3.0395,-1.2950,4.5373
K,784,-2.8055,-1.7741,4.5373
K,785,-2.4940,-2.2095,4.5373
K,786,-2.1153,-2.5907,4.5373
K,787,-1.6870,-2.9220,4.5373
K,788,-1.2054,-3.1783,4.5373
K,789,-0.6864,-3.3622,4.5373
K,790,-0.1392,-3.4530,4.5373
K,791,0.4200,-3.4593,4.5373
K,792,0.9803,-3.3845,4.5373
K,793,1.5251,-3.2140,4.5373
K,794,2.0345,-2.9474,4.5373
K,795,2.5028,-2.6056,4.5373
K,796,2.9101,-2.1868,4.5373
K,797,3.2398,-1.7004,4.5373
K,798,3.4883,-1.1646,4.5373
K,799,3.6366,-0.5910,4.5373
K,800,3.6980,-0.0000,4.5373
K,801,3.3786,0.0000,4.7761
K,802,3.3109,0.5381,4.7761
K,803,3.1623,1.0557,4.7761
K,804,2.9385,1.5423,4.7761
K,805,2.6450,1.9876,4.7761
K,806,2.2861,2.3801,4.7761
K,807,1.8746,2.7158,4.7761
K,808,1.4148,2.9815,4.7761
K,809,0.9204,3.1777,4.7761
K,810,0.4015,3.3068,4.7761
K,811,-0.1345,3.3365,4.7761
K,812,-0.6731,3.2971,4.7761
K,813,-1.2049,3.1772,4.7761
K,814,-1.7079,2.9582,4.7761
K,815,-2.1823,2.6728,4.7761
K,816,-2.6059,2.3086,4.7761
K,817,-2.9687,1.8773,4.7761
K,818,-3.2632,1.3903,4.7761
K,819,-3.4718,0.8557,4.7761
K,820,-3.5898,0.2898,4.7761
K,821,-3.6166,-0.2920,4.7761
K,822,-3.5463,-0.8741,4.7761
K,823,-3.3809,-1.4405,4.7761
K,824,-3.1205,-1.9733,4.7761
K,825,-2.7692,-2.4533,4.7761
K,826,-2.3388,-2.8645,4.7761
K,827,-1.8496,-3.2036,4.7761
K,828,-1.3072,-3.4467,4.7761
K,829,-0.7366,-3.6080,4.7761
K,830,-0.1476,-3.6614,4.7761
K,831,0.4398,-3.6218,4.7761
K,832,1.0070,-3.4765,4.7761
K,833,1.5407,-3.2469,4.7761
K,834,2.0243,-2.9327,4.7761
K,835,2.4491,-2.5498,4.7761
K,836,2.7945,-2.0999,4.7761
K,837,3.0691,-1.6108,4.7761
K,838,3.2597,-1.0882,4.7761
K,839,3.3661,-0.5470,4.7761
K,840,3.3810,-0.0000,4.7761
K,841,3.4737,0.0000,5.0149
K,842,3.4661,0.5633,5.0149
K,843,3.3627,1.1226,5.0149
K,844,3.1621,1.6596,5.0149
K,845,2.8813,2.1652,5.0149
K,846,2.5152,2.6186,5.0149
K,847,2.0718,3.0016,5.0149
K,848,1.5741,3.3174,5.0149
K,849,1.0239,3.5350,5.0149
K,850,0.4456,3.6699,5.0149
K,851,-0.1489,3.6959,5.0149
K,852,-0.7400,3.6246,5.0149
K,853,-1.3114,3.4579,5.0149
K,854,-1.8406,3.1880,5.0149
K,855,-2.3176,2.8386,5.0149
K,856,-2.7326,2.4209,5.0149
K,857,-3.0651,1.9383,5.0149
K,858,-3.3092,1.4099,5.0149
K,859,-3.4659,0.8543,5.0149
K,860,-3.5297,0.2850,5.0149
K,861,-3.4986,-0.2824,5.0149
K,862,-3.3759,-0.8321,5.0149
K,863,-3.1647,-1.3484,5.0149
K,864,-2.8825,-1.8228,5.0149
K,865,-2.5351,-2.2459,5.0149
K,866,-2.1234,-2.6007,5.0149
K,867,-1.6715,-2.8952,5.0149
K,868,-1.1783,-3.1070,5.0149
K,869,-0.6623,-3.2444,5.0149
K,870,-0.1330,-3.3014,5.0149
K,871,0.3980,-3.2781,5.0149
K,872,0.9192,-3.1734,5.0149
K,873,1.4176,-2.9876,5.0149
K,874,1.8916,-2.7404,5.0149
K,875,2.3124,-2.4075,5.0149
K,876,2.6913,-2.0224,5.0149
K,877,3.0048,-1.5771,5.0149
K,878,3.2332,-1.0794,5.0149
K,879,3.4022,-0.5529,5.0149
K,880,3.4793,-0.0000,5.0149
K,881,3.6575,0.0000,5.2537
K,882,3.5857,0.5827,5.2537
K,883,3.4164,1.1405,5.2537
K,884,3.1658,1.6615,5.2537
K,885,2.8369,2.1318,5.2537
K,886,2.4343,2.5343,5.2537
K,887,1.9768,2.8640,5.2537
K,888,1.4784,3.1157,5.2537
K,889,0.9515,3.2849,5.2537
K,890,0.4084,3.3639,5.2537
K,891,-0.1357,3.3664,5.2537
K,892,-0.6688,3.2761,5.2537
K,893,-1.1802,3.1118,5.2537
K,894,-1.6573,2.8705,5.2537
K,895,-2.0887,2.5582,5.2537
K,896,-2.4727,2.1906,5.2537
K,897,-2.7926,1.7659,5.2537
K,898,-3.0433,1.2966,5.2537
K,899,-3.2250,0.7949,5.2537
K,900,-3.3291,0.2688,5.2537
K,901,-3.3501,-0.2704,5.2537
K,902,-3.2843,-0.8095,5.2537
K,903,-3.1367,-1.3364,5.2537
K,904,-2.9093,-1.8397,5.2537
K,905,-2.6016,-2.3048,5.2537
K,906,-2.2141,-2.7117,5.2537
K,907,-1.7688,-3.0636,5.2537
K,908,-1.2671,-3.3412,5.2537
K,909,-0.7190,-3.5221,5.2537
K,910,-0.1460,-3.6228,5.2537
K,911,0.4395,-3.6196,5.2537
K,912,1.0207,-3.5237,5.2537
K,913,1.5783,-3.3262,5.2537
K,914,2.0975,-3.0387,5.2537
K,915,2.5625,-2.6678,5.2537
K,916,2.9566,-2.2218,5.2537
K,917,3.2721,-1.7173,5.2537
K,918,3.4960,-1.1671,5.2537
K,919,3.6227,-0.5887,5.2537
K,920,3.6537,-0.0000,5.2537
K,921,3.2998,0.0000,5.4926
K,922,3.2575,0.5294,5.4926
K,923,3.1402,1.0483,5.4926
K,924,2.9417,1.5439,5.4926
K,925,2.6633,2.0013,5.4926
K,926,2.3237,2.4192,5.4926
K,927,1.9179,2.7785,5.4926
K,928,1.4606,3.0782,5.4926
K,929,0.9546,3.2958,5.4926
K,930,0.4177,3.4402,5.4926
K,931,-0.1407,3.4918,5.4926
K,932,-0.7054,3.4554,5.4926
K,933,-1.2610,3.3249,5.4926
K,934,-1.7948,3.1088,5.4926
K,935,-2.2877,2.8019,5.4926
K,936,-2.7244,2.4136,5.4926
K,937,-3.0946,1.9569,5.4926
K,938,-3.3867,1.4430,5.4926
K,939,-3.5901,0.8849,5.4926
K,940,-3.6826,0.2973,5.4926
K,941,-3.6851,-0.2975,5.4926
K,942,-3.5895,-0.8847,5.4926
K,943,-3.3918,-1.4451,5.4926
K,944,-3.1091,-1.9661,5.4926
K,945,-2.7394,-2.4269,5.4926
K,946,-2.2972,-2.8136,5.4926
K,947,-1.8054,-3.1270,5.4926
K,948,-1.2719,-3.3536,5.4926
K,949,-0.7106,-3.4806,5.4926
K,950,-0.1415,-3.5115,5.4926
K,951,0.4201,-3.4597,5.4926
K,952,0.9612,-3.3183,5.4926
K,953,1.4658,-3.0890,5.4926
K,954,1.9271,-2.7919,5.4926
K,955,2.3374,-2.4335,5.4926
K,956,2.6740,-2.0094,5.4926
K,957,2.9459,-1.5461,5.4926
K,958,3.1436,-1.0495,5.4926
K,959,3.2657,-0.5307,5.4926
K,960,3.2960,-0.0000,5.4926
K,961,3.6416,0.0000,5.7314
K,962,3.6109,0.5868,5.7314
K,963,3.4928,1.1661,5.7314
K,964,3.2669,1.7146,5.7314
K,965,2.9524,2.2186,5.7314
K,966,2.5639,2.6693,5.7314
K,967,2.0982,3.0397,5.7314
K,968,1.5792,3.3280,5.7314
K,969,1.0225,3.5300,5.7314
K,970,0.4409,3.6315,5.7314
K,971,-0.1465,3.6349,5.7314
K,972,-0.7230,3.5415,5.7314
K,973,-1.2710,3.3515,5.7314
K,974,-1.7799,3.0829,5.7314
K,975,-2.2287,2.7297,5.7314
K,976,-2.6177,2.3191,5.7314
K,977,-2.9219,1.8477,5.7314
K,978,-3.1538,1.3437,5.7314
K,979,-3.2993,0.8132,5.7314
K,980,-3.3680,0.2719,5.7314
K,981,-3.3411,-0.2697,5.7314
K,982,-3.2390,-0.7984,5.7314
K,983,-3.0547,-1.3015,5.7314
K,984,-2.7942,-1.7669,5.7314
K,985,-2.4713,-2.1894,5.7314
K,986,-2.0878,-2.5571,5.7314
K,987,-1.6503,-2.8583,5.7314
K,988,-1.1765,-3.1022,5.7314
K,989,-0.6663,-3.2640,5.7314
K,990,-0.1350,-3.3497,5.7314
K,991,0.4070,-3.3520,5.7314
K,992,0.9462,-3.2668,5.7314
K,993,1.4707,-3.0995,5.7314
K,994,1.9679,-2.8510,5.7314
K,995,2.4165,-2.5158,5.7314
K,996,2.8163,-2.1163,5.7314
K,997,3.1478,-1.6521,5.7314
K,998,3.4027,-1.1360,5.7314
K,999,3.5690,-0.5800,5.7314
K,1000,3.6416,-0.0000,5.7314
K,1001,3.4997,0.0000,5.9702
K,1002,3.4192,0.5557,5.9702
K,1003,3.2601,1.0884,5.9702
K,1004,3.0112,1.5804,5.9702
K,1005,2.7013,2.0299,5.9702
K,1006,2.3215,2.4169,5.9702
K,1007,1.8923,2.7415,5.9702
K,1008,1.4235,3.0001,5.9702
K,1009,0.9209,3.1794,5.9702
K,1010,0.3979,3.2771,5.9702
K,1011,-0.1330,3.2999,5.9702
K,1012,-0.6607,3.2364,5.9702
K,1013,-1.1770,3.1036,5.9702
K,1014,-1.6636,2.8814,5.9702
K,1015,-2.1150,2.5904,5.9702
K,1016,-2.5204,2.2329,5.9702
K,1017,-2.8674,1.8132,5.9702
K,1018,-3.1477,1.3411,5.9702
K,1019,-3.3513,0.8260,5.9702
K,1020,-3.4795,0.2809,5.9702
K,1021,-3.5013,-0.2827,5.9702
K,1022,-3.4485,-0.8500,5.9702
K,1023,-3.2919,-1.4025,5.9702
K,1024,-3.0536,-1.9310,5.9702
K,1025,-2.7214,-2.4109,5.9702
K,1026,-2.3162,-2.8368,5.9702
K,1027,-1.8361,-3.1803,5.9702
K,1028,-1.3071,-3.4464,5.9702
K,1029,-0.7397,-3.6235,5.9702
K,1030,-0.1490,-3.6963,5.9702
K,1031,0.4458,-3.6719,5.9702
K,1032,1.0264,-3.5434,5.9702
K,1033,1.5769,-3.3232,5.9702
K,1034,2.0844,-3.0198,5.9702
K,1035,2.5238,-2.6276,5.9702
K,1036,2.8945,-2.1751,5.9702
K,1037,3.1779,-1.6679,5.9702
K,1038,3.3755,-1.1269,5.9702
K,1039,3.4873,-0.5667,5.9702
K,1040,3.4969,-0.0000,5.9702
K,1041,3.3628,0.0000,6.2090
K,1042,3.3474,0.5440,6.2090
K,1043,3.2401,1.0817,6.2090
K,1044,3.0523,1.6020,6.2090
K,1045,2.7842,2.0922,6.2090
K,1046,2.4294,2.5293,6.2090
K,1047,2.0158,2.9204,6.2090
K,1048,1.5303,3.2250,6.2090
K,1049,1.0030,3.4627,6.2090
K,1050,0.4382,3.6088,6.2090
K,1051,-0.1472,3.6529,6.2090
K,1052,-0.7351,3.6006,6.2090
K,1053,-1.3067,3.4455,6.2090
K,1054,-1.8468,3.1987,6.2090
K,1055,-2.3389,2.8646,6.2090
K,1056,-2.7733,2.4570,6.2090
K,1057,-3.1198,1.9728,6.2090
K,1058,-3.3861,1.4427,6.2090
K,1059,-3.5566,0.8766,6.2090
K,1060,-3.6362,0.2935,6.2090
K,1061,-3.6134,-0.2917,6.2090
K,1062,-3.4917,-0.8606,6.2090
K,1063,-3.2789,-1.3970,6.2090
K,1064,-2.9888,-1.8900,6.2090
K,1065,-2.6255,-2.3260,6.2090
K,1066,-2.1940,-2.6872,6.2090
K,1067,-1.7206,-2.9802,6.2090
K,1068,-1.2082,-3.1858,6.2090
K,1069,-0.6767,-3.3145,6.2090
K,1070,-0.1350,-3.3508,6.2090
K,1071,0.4013,-3.3053,6.2090
K,1072,0.9233,-3.1878,6.2090
K,1073,1.4193,-2.9911,6.2090
K,1074,1.8743,-2.7154,6.2090
K,1075,2.2854,-2.3794,6.2090
K,1076,2.6447,-1.9874,6.2090
K,1077,2.9372,-1.5416,6.2090
K,1078,3.1577,-1.0542,6.2090
K,1079,3.3012,-0.5365,6.2090
K,1080,3.3666,-0.0000,6.2090
K,1081,3.6985,0.0000,6.4478
K,1082,3.6417,0.5918,6.4478
K,1083,3.4980,1.1678,6.4478
K,1084,3.2482,1.7048,6.4478
K,1085,2.9194,2.1938,6.4478
K,1086,2.5134,2.6167,6.4478
K,1087,2.0436,2.9606,6.4478
K,1088,1.5310,3.2264,6.4478
K,1089,0.9859,3.4038,6.4478
K,1090,0.4233,3.4863,6.4478
K,1091,-0.1402,3.4781,6.4478
K,1092,-0.6886,3.3731,6.4478
K,1093,-1.2112,3.1938,6.4478
K,1094,-1.6910,2.9289,6.4478
K,1095,-2.1265,2.6045,6.4478
K,1096,-2.5034,2.2178,6.4478
K,1097,-2.8024,1.7721,6.4478
K,1098,-3.0438,1.2969,6.4478
K,1099,-3.2052,0.7900,6.4478
K,1100,-3.2897,0.2656,6.4478
K,1101,-3.2905,-0.2656,6.4478
K,1102,-3.2103,-0.7913,6.4478
K,1103,-3.0618,-1.3045,6.4478
K,1104,-2.8229,-1.7851,6.4478
K,1105,-2.5120,-2.2254,6.4478
K,1106,-2.1391,-2.6200,6.4478
K,1107,-1.7052,-2.9534,6.4478
K,1108,-1.2218,-3.2216,6.4478
K,1109,-0.6947,-3.4029,6.4478
K,1110,-0.1412,-3.5042,6.4478
K,1111,0.4268,-3.5154,6.4478
K,1112,0.9941,-3.4322,6.4478
K,1113,1.5437,-3.2533,6.4478
K,1114,2.0583,-2.9820,6.4478
K,1115,2.5292,-2.6331,6.4478
K,1116,2.9294,-2.2013,6.4478
K,1117,3.2591,-1.7105,6.4478
K,1118,3.5033,-1.1696,6.4478
K,1119,3.6544,-0.5939,6.4478
K,1120,3.7009,-0.0000,6.4478
K,1121,3.3429,0.0000,6.6866
K,1122,3.2871,0.5342,6.6866
K,1123,3.1457,1.0502,6.6866
K,1124,2.9276,1.5365,6.6866
K,1125,2.6399,1.9837,6.6866
K,1126,2.2903,2.3845,6.6866
K,1127,1.8772,2.7196,6.6866
K,1128,1.4239,3.0008,6.6866
K,1129,0.9287,3.2063,6.6866
K,1130,0.4040,3.3271,6.6866
K,1131,-0.1363,3.3815,6.6866
K,1132,-0.6813,3.3374,6.6866
K,1133,-1.2175,3.2103,6.6866
K,1134,-1.7385,3.0111,6.6866
K,1135,-2.2138,2.7114,6.6866
K,1136,-2.6424,2.3410,6.6866
K,1137,-3.0066,1.9012,6.6866
K,1138,-3.3067,1.4089,6.6866
K,1139,-3.5136,0.8660,6.6866
K,1140,-3.6322,0.2932,6.6866
K,1141,-3.6518,-0.2948,6.6866
K,1142,-3.5738,-0.8809,6.6866
K,1143,-3.3925,-1.4454,6.6866
K,1144,-3.1278,-1.9779,6.6866
K,1145,-2.7703,-2.4542,6.6866
K,1146,-2.3368,-2.8621,6.6866
K,1147,-1.8439,-3.1937,6.6866
K,1148,-1.3033,-3.4366,6.6866
K,1149,-0.7302,-3.5769,6.6866
K,1150,-0.1461,-3.6250,6.6866
K,1151,0.4342,-3.5761,6.6866
K,1152,0.9958,-3.4378,6.6866
K,1153,1.5198,-3.2030,6.6866
K,1154,1.9984,-2.8952,6.6866
K,1155,2.4132,-2.5125,6.6866
K,1156,2.7532,-2.0689,6.6866
K,1157,3.0284,-1.5894,6.6866
K,1158,3.2210,-1.0753,6.6866
K,1159,3.3263,-0.5406,6.6866
K,1160,3.3510,-0.0000,6.6866
K,1161,3.5268,0.0000,6.9254
K,1162,3.5199,0.5720,6.9254
K,1163,3.4035,1.1362,6.9254
K,1164,3.2035,1.6813,6.9254
K,1165,2.9115,2.1878,6.9254
K,1166,2.5337,2.6379,6.9254
K,1167,2.0902,3.0282,6.9254
K,1168,1.5816,3.3331,6.9254
K,1169,1.0282,3.5496,6.9254
K,1170,0.4461,3.6737,6.9254
K,1171,-0.1487,3.6892,6.9254
K,1172,-0.7371,3.6103,6.9254
K,1173,-1.3027,3.4349,6.9254
K,1174,-1.8288,3.1675,6.9254
K,1175,-2.2990,2.8157,6.9254
K,1176,-2.7036,2.3952,6.9254
K,1177,-3.0290,1.9154,6.9254
K,1178,-3.2637,1.3905,6.9254
K,1179,-3.4142,0.8415,6.9254
K,1180,-3.4766,0.2807,6.9254
K,1181,-3.4422,-0.2779,6.9254
K,1182,-3.3266,-0.8199,6.9254
K,1183,-3.1227,-1.3305,6.9254
K,1184,-2.8461,-1.7998,6.9254
K,1185,-2.5059,-2.2201,6.9254
K,1186,-2.1057,-2.5790,6.9254
K,1187,-1.6559,-2.8681,6.9254
K,1188,-1.1713,-3.0884,6.9254
K,1189,-0.6593,-3.2294,6.9254
K,1190,-0.1327,-3.2932,6.9254
K,1191,0.3985,-3.2818,6.9254
K,1192,0.9218,-3.1823,6.9254
K,1193,1.4291,-3.0117,6.9254
K,1194,1.9044,-2.7589,6.9254
K,1195,2.3406,-2.4368,6.9254
K,1196,2.7214,-2.0450,6.9254
K,1197,3.0424,-1.5968,6.9254
K,1198,3.2832,-1.0961,6.9254
K,1199,3.4536,-0.5613,6.9254
K,1200,3.5278,-0.0000,6.9254
K,1201,3.6132,0.0000,7.1642
K,1202,3.5385,0.5751,7.1642
K,1203,3.3706,1.1253,7.1642
K,1204,3.1232,1.6392,7.1642
K,1205,2.7951,2.1004,7.1642
K,1206,2.3979,2.4965,7.1642
K,1207,1.9493,2.8240,7.1642
K,1208,1.4593,3.0755,7.1642
K,1209,0.9393,3.2429,7.1642
K,1210,0.4037,3.3248,7.1642
K,1211,-0.1342,3.3294,7.1642
K,1212,-0.6632,3.2486,7.1642
K,1213,-1.1727,3.0922,7.1642
K,1214,-1.6513,2.8601,7.1642
K,1215,-2.0880,2.5574,7.1642
K,1216,-2.4733,2.1911,7.1642
K,1217,-2.8061,1.7745,7.1642
K,1218,-3.0633,1.3052,7.1642
K,1219,-3.2503,0.8011,7.1642
K,1220,-3.3683,0.2719,7.1642
K,1221,-3.3889,-0.2736,7.1642
K,1222,-3.3319,-0.8212,7.1642
K,1223,-3.1800,-1.3549,7.1642
K,1224,-2.9506,-1.8658,7.1642
K,1225,-2.6367,-2.3359,7.1642
K,1226,-2.2448,-2.7493,7.1642
K,1227,-1.7934,-3.1063,7.1642
K,1228,-1.2799,-3.3749,7.1642
K,1229,-0.7280,-3.5659,7.1642
K,1230,-0.1473,-3.6547,7.1642
K,1231,0.4431,-3.6493,7.1642
K,1232,1.0248,-3.5380,7.1642
K,1233,1.5838,-3.3379,7.1642
K,1234,2.0997,-3.0419,7.1642
K,1235,2.5635,-2.6689,7.1642
K,1236,2.9513,-2.2178,7.1642
K,1237,3.2548,-1.7083,7.1642
K,1238,3.4711,-1.1588,7.1642
K,1239,3.5904,-0.5835,7.1642
K,1240,3.6190,-0.0000,7.1642
K,1241,3.3048,0.0000,7.4030
K,1242,3.2623,0.5302,7.4030
K,1243,3.1588,1.0546,7.4030
K,1244,2.9641,1.5557,7.4030
K,1245,2.6933,2.0239,7.4030
K,1246,2.3496,2.4462,7.4030
K,1247,1.9428,2.8146,7.4030
K,1248,1.4817,3.1225,7.4030
K,1249,0.9690,3.3452,7.4030
K,1250,0.4245,3.4960,7.4030
K,1251,-0.1428,3.5447,7.4030
K,1252,-0.7146,3.5005,7.4030
K,1253,-1.2787,3.3717,7.4030
K,1254,-1.8157,3.1448,7.4030
K,1255,-2.3110,2.8304,7.4030
K,1256,-2.7535,2.4393,7.4030
K,1257,-3.1142,1.9693,7.4030
K,1258,-3.3985,1.4479,7.4030
K,1259,-3.5946,0.8860,7.4030
K,1260,-3.6830,0.2973,7.4030
K,1261,-3.6751,-0.2967,7.4030
K,1262,-3.5697,-0.8798,7.4030
K,1263,-3.3707,-1.4361,7.4030
K,1264,-3.0787,-1.9468,7.4030
K,1265,-2.7146,-2.4049,7.4030
K,1266,-2.2733,-2.7843,7.4030
K,1267,-1.7787,-3.0808,7.4030
K,1268,-1.2526,-3.3029,7.4030
K,1269,-0.7006,-3.4315,7.4030
K,1270,-0.1397,-3.4657,7.4030
K,1271,0.4143,-3.4122,7.4030
K,1272,0.9475,-3.2711,7.4030
K,1273,1.4471,-3.0497,7.4030
K,1274,1.9060,-2.7613,7.4030
K,1275,2.3105,-2.4055,7.4030
K,1276,2.6542,-1.9945,7.4030
K,1277,2.9327,-1.5392,7.4030
K,1278,3.1283,-1.0444,7.4030
K,1279,3.2564,-0.5292,7.4030
K,1280,3.3018,-0.0000,7.4030
K,1281,3.6721,0.0000,7.6418
K,1282,3.6368,0.5910,7.6418
K,1283,3.5091,1.1715,7.6418
K,1284,3.2727,1.7177,7.6418
K,1285,2.9562,2.2214,7.6418
K,1286,2.5606,2.6658,7.6418
K,1287,2.0934,3.0328,7.6418
K,1288,1.5720,3.3129,7.6418
K,1289,1.0154,3.5055,7.6418
K,1290,0.4366,3.5955,7.6418
K,1291,-0.1448,3.5924,7.6418
K,1292,-0.7140,3.4974,7.6418
K,1293,-1.2539,3.3063,7.6418
K,1294,-1.7495,3.0302,7.6418
K,1295,-2.1953,2.6888,7.6418
K,1296,-2.5750,2.2812,7.6418
K,1297,-2.8808,1.8217,7.6418
K,1298,-3.1170,1.3280,7.6418
K,1299,-3.2597,0.8035,7.6418
K,1300,-3.3266,0.2686,7.6418
K,1301,-3.3098,-0.2672,7.6418
K,1302,-3.2186,-0.7933,7.6418
K,1303,-3.0430,-1.2965,7.6418
K,1304,-2.7893,-1.7638,7.6418
K,1305,-2.4729,-2.1908,7.6418
K,1306,-2.0945,-2.5653,7.6418
K,1307,-1.6640,-2.8821,7.6418
K,1308,-1.1870,-3.1298,7.6418
K,1309,-0.6718,-3.2908,7.6418
K,1310,-0.1363,-3.3829,7.6418
K,1311,0.4122,-3.3951,7.6418
K,1312,0.9601,-3.3148,7.6418
K,1313,1.4907,-3.1416,7.6418
K,1314,1.9946,-2.8897,7.6418
K,1315,2.4546,-2.5555,7.6418
K,1316,2.8592,-2.1485,7.6418
K,1317,3.1878,-1.6731,7.6418
K,1318,3.4391,-1.1481,7.6418
K,1319,3.6017,-0.5853,7.6418
K,1320,3.6698,-0.0000,7.6418
K,1321,3.4462,0.0000,7.8806
K,1322,3.3736,0.5483,7.8806
K,1323,3.2070,1.0706,7.8806
K,1324,2.9779,1.5629,7.8806
K,1325,2.6763,2.0111,7.8806
K,1326,2.3022,2.3969,7.8806
K,1327,1.8802,2.7240,7.8806
K,1328,1.4157,2.9836,7.8806
K,1329,0.9177,3.1682,7.8806
K,1330,0.3974,3.2728,7.8806
K,1331,-0.1333,3.3082,7.8806
K,1332,-0.6644,3.2542,7.8806
K,1333,-1.1858,3.1268,7.8806
K,1334,-1.6804,2.9105,7.8806
K,1335,-2.1419,2.6234,7.8806
K,1336,-2.5534,2.2621,7.8806
K,1337,-2.9088,1.8394,7.8806
K,1338,-3.1970,1.3621,7.8806
K,1339,-3.4062,0.8396,7.8806
K,1340,-3.5215,0.2843,7.8806
K,1341,-3.5580,-0.2872,7.8806
K,1342,-3.4966,-0.8618,7.8806
K,1343,-3.3310,-1.4192,7.8806
K,1344,-3.0780,-1.9464,7.8806
K,1345,-2.7457,-2.4324,7.8806
K,1346,-2.3302,-2.8540,7.8806
K,1347,-1.8489,-3.2024,7.8806
K,1348,-1.3105,-3.4556,7.8806
K,1349,-0.7397,-3.6235,7.8806
K,1350,-0.1487,-3.6899,7.8806
K,1351,0.4432,-3.6502,7.8806
K,1352,1.0228,-3.5313,7.8806
K,1353,1.5666,-3.3016,7.8806
K,1354,2.0608,-2.9856,7.8806
K,1355,2.4939,-2.5965,7.8806
K,1356,2.8609,-2.1498,7.8806
K,1357,3.1384,-1.6471,7.8806
K,1358,3.3256,-1.1103,7.8806
K,1359,3.4382,-0.5588,7.8806
K,1360,3.4497,-0.0000,7.8806
K,1361,3.4032,0.0000,8.1194
K,1362,3.3950,0.5517,8.1194
K,1363,3.2865,1.0972,8.1194
K,1364,3.0972,1.6256,8.1194
K,1365,2.8243,2.1223,8.1194
K,1366,2.4701,2.5717,8.1194
K,1367,2.0421,2.9585,8.1194
K,1368,1.5527,3.2723,8.1194
K,1369,1.0141,3.5012,8.1194
K,1370,0.4412,3.6339,8.1194
K,1371,-0.1480,3.6732,8.1194
K,1372,-0.7397,3.6231,8.1194
K,1373,-1.3120,3.4596,8.1194
K,1374,-1.8484,3.2016,8.1194
K,1375,-2.3374,2.8628,8.1194
K,1376,-2.7634,2.4482,8.1194
K,1377,-3.1020,1.9616,8.1194
K,1378,-3.3621,1.4325,8.1194
K,1379,-3.5280,0.8696,8.1194
K,1380,-3.6009,0.2907,8.1194
K,1381,-3.5692,-0.2881,8.1194
K,1382,-3.4464,-0.8495,8.1194
K,1383,-3.2357,-1.3786,8.1194
K,1384,-2.9472,-1.8637,8.1194
K,1385,-2.5846,-2.2898,8.1194
K,1386,-2.1674,-2.6546,8.1194
K,1387,-1.6978,-2.9407,8.1194
K,1388,-1.1960,-3.1535,8.1194
K,1389,-0.6691,-3.2777,8.1194
K,1390,-0.1340,-3.3262,8.1194
K,1391,0.3993,-3.2888,8.1194
K,1392,0.9201,-3.1764,8.1194
K,1393,1.4129,-2.9777,8.1194
K,1394,1.8741,-2.7151,8.1194
K,1395,2.2946,-2.3889,8.1194
K,1396,2.6555,-1.9955,8.1194
K,1397,2.9524,-1.5495,8.1194
K,1398,3.1856,-1.0635,8.1194
K,1399,3.3411,-0.5430,8.1194
K,1400,3.4051,-0.0000,8.1194
K,1401,3.6954,0.0000,8.3582
K,1402,3.6286,0.5897,8.3582
K,1403,3.4689,1.1581,8.3582
K,1404,3.2242,1.6922,8.3582
K,1405,2.8928,2.1738,8.3582
K,1406,2.4819,2.5840,8.3582
K,1407,2.0197,2.9261,8.3582
K,1408,1.5117,3.1858,8.3582
K,1409,0.9714,3.3535,8.3582
K,1410,0.4169,3.4334,8.3582
K,1411,-0.1378,3.4198,8.3582
K,1412,-0.6800,3.3307,8.3582
K,1413,-1.1949,3.1508,8.3582
K,1414,-1.6723,2.8965,8.3582
K,1415,-2.1081,2.5819,8.3582
K,1416,-2.4820,2.1988,8.3582
K,1417,-2.7931,1.7663,8.3582
K,1418,-3.0354,1.2933,8.3582
K,1419,-3.2052,0.7900,8.3582
K,1420,-3.2927,0.2658,8.3582
K,1421,-3.3073,-0.2670,8.3582
K,1422,-3.2402,-0.7986,8.3582
K,1423,-3.0829,-1.3135,8.3582
K,1424,-2.8485,-1.8013,8.3582
K,1425,-2.5410,-2.2512,8.3582
K,1426,-2.1711,-2.6591,8.3582
K,1427,-1.7318,-2.9995,8.3582
K,1428,-1.2394,-3.2682,8.3582
K,1429,-0.7048,-3.4521,8.3582
K,1430,-0.1433,-3.5550,8.3582
K,1431,0.4319,-3.5566,8.3582
K,1432,1.0058,-3.4725,8.3582
K,1433,1.5594,-3.2864,8.3582
K,1434,2.0802,-3.0137,8.3582
K,1435,2.5487,-2.6535,8.3582
K,1436,2.9513,-2.2177,8.3582
K,1437,3.2746,-1.7186,8.3582
K,1438,3.5120,-1.1725,8.3582
K,1439,3.6467,-0.5926,8.3582
K,1440,3.6918,-0.0000,8.3582
K,1441,3.3117,0.0000,8.5970
K,1442,3.2680,0.5311,8.5970
K,1443,3.1331,1.0460,8.5970
K,1444,2.9175,1.5312,8.5970
K,1445,2.6414,1.9849,8.5970
K,1446,2.2950,2.3893,8.5970
K,1447,1.8914,2.7402,8.5970
K,1448,1.4352,3.0246,8.5970
K,1449,0.9383,3.2394,8.5970
K,1450,0.4096,3.3734,8.5970
K,1451,-0.1380,3.4234,8.5970
K,1452,-0.6910,3.3849,8.5970
K,1453,-1.2369,3.2614,8.5970
K,1454,-1.7609,3.0500,8.5970
K,1455,-2.2461,2.7510,8.5970
K,1456,-2.6782,2.3727,8.5970
K,1457,-3.0501,1.9288,8.5970
K,1458,-3.3412,1.4236,8.5970
K,1459,-3.5494,0.8749,8.5970
K,1460,-3.6630,0.2957,8.5970
K,1461,-3.6760,-0.2968,8.5970
K,1462,-3.5872,-0.8842,8.5970
K,1463,-3.4016,-1.4493,8.5970
K,1464,-3.1257,-1.9766,8.5970
K,1465,-2.7619,-2.4468,8.5970
K,1466,-2.3269,-2.8499,8.5970
K,1467,-1.8305,-3.1706,8.5970
K,1468,-1.2913,-3.4048,8.5970
K,1469,-0.7240,-3.5464,8.5970
K,1470,-0.1446,-3.5885,8.5970
K,1471,0.4288,-3.5316,8.5970
K,1472,0.9823,-3.3912,8.5970
K,1473,1.4966,-3.1540,8.5970
K,1474,1.9677,-2.8507,8.5970
K,1475,2.3760,-2.4736,8.5970
K,1476,2.7176,-2.0421,8.5970
K,1477,2.9916,-1.5701,8.5970
K,1478,3.1816,-1.0622,8.5970
K,1479,3.2887,-0.5345,8.5970
K,1480,3.3174,-0.0000,8.5970
K,1481,3.5815,0.0000,8.8358
K,1482,3.5568,0.5780,8.8358
K,1483,3.4415,1.1489,8.8358
K,1484,3.2340,1.6973,8.8358
K,1485,2.9351,2.2056,8.8358
K,1486,2.5514,2.6563,8.8358
K,1487,2.0981,3.0396,8.8358
K,1488,1.5864,3.3432,8.8358
K,1489,1.0287,3.5513,8.8358
K,1490,0.4443,3.6593,8.8358
K,1491,-0.1482,3.6779,8.8358
K,1492,-0.7337,3.5940,8.8358
K,1493,-1.2904,3.4024,8.8358
K,1494,-1.8098,3.1347,8.8358
K,1495,-2.2756,2.7872,8.8358
K,1496,-2.6684,2.3640,8.8358
K,1497,-2.9887,1.8899,8.8358
K,1498,-3.2242,1.3737,8.8358
K,1499,-3.3670,0.8299,8.8358
K,1500,-3.4260,0.2766,8.8358
K,1501,-3.3953,-0.2741,8.8358
K,1502,-3.2811,-0.8087,8.8358
K,1503,-3.0882,-1.3158,8.8358
K,1504,-2.8201,-1.7833,8.8358
K,1505,-2.4837,-2.2003,8.8358
K,1506,-2.0928,-2.5633,8.8358
K,1507,-1.6495,-2.8571,8.8358
K,1508,-1.1695,-3.0838,8.8358
K,1509,-0.6611,-3.2385,8.8358
K,1510,-0.1332,-3.3051,8.8358
K,1511,0.4006,-3.2994,8.8358
K,1512,0.9308,-3.2136,8.8358
K,1513,1.4437,-3.0425,8.8358
K,1514,1.9270,-2.7918,8.8358
K,1515,2.3670,-2.4644,8.8358
K,1516,2.7573,-2.0720,8.8358
K,1517,3.0837,-1.6184,8.8358
K,1518,3.3362,-1.1138,8.8358
K,1519,3.5005,-0.5689,8.8358
K,1520,3.5765,-0.0000,8.8358
K,1521,3.5711,0.0000,9.0746
K,1522,3.4967,0.5683,9.0746
K,1523,3.3240,1.1097,9.0746
K,1524,3.0746,1.6137,9.0746
K,1525,2.7533,2.0690,9.0746
K,1526,2.3647,2.4620,9.0746
K,1527,1.9239,2.7872,9.0746
K,1528,1.4412,3.0372,9.0746
K,1529,0.9301,3.2111,9.0746
K,1530,0.4001,3.2951,9.0746
K,1531,-0.1334,3.3092,9.0746
K,1532,-0.6610,3.2376,9.0746
K,1533,-1.1704,3.0861,9.0746
K,1534,-1.6503,2.8583,9.0746
K,1535,-2.0913,2.5613,9.0746
K,1536,-2.4870,2.2033,9.0746
K,1537,-2.8279,1.7883,9.0746
K,1538,-3.0930,1.3178,9.0746
K,1539,-3.2913,0.8112,9.0746
K,1540,-3.4054,0.2749,9.0746
K,1541,-3.4321,-0.2771,9.0746
K,1542,-3.3739,-0.8316,9.0746
K,1543,-3.2280,-1.3753,9.0746
K,1544,-2.9951,-1.8940,9.0746
K,1545,-2.6672,-2.3629,9.0746
K,1546,-2.2751,-2.7865,9.0746
K,1547,-1.8082,-3.1319,9.0746
K,1548,-1.2944,-3.4132,9.0746
K,1549,-0.7340,-3.5955,9.0746
K,1550,-0.1484,-3.6829,9.0746
K,1551,0.4451,-3.6657,9.0746
K,1552,1.0280,-3.5490,9.0746
K,1553,1.5875,-3.3456,9.0746
K,1554,2.0954,-3.0357,9.0746
K,1555,2.5527,-2.6577,9.0746
K,1556,2.9320,-2.2033,9.0746
K,1557,3.2338,-1.6972,9.0746
K,1558,3.4442,-1.1498,9.0746
K,1559,3.5593,-0.5784,9.0746
K,1560,3.5677,-0.0000,9.0746
K,1561,3.3165,0.0000,9.3135
K,1562,3.2918,0.5350,9.3135
K,1563,3.1842,1.0630,9.3135
K,1564,2.9979,1.5734,9.3135
K,1565,2.7228,2.0461,9.3135
K,1566,2.3812,2.4791,9.3135
K,1567,1.9727,2.8580,9.3135
K,1568,1.5023,3.1660,9.3135
K,1569,0.9827,3.3927,9.3135
K,1570,0.4294,3.5362,9.3135
K,1571,-0.1446,3.5890,9.3135
K,1572,-0.7248,3.5503,9.3135
K,1573,-1.2933,3.4101,9.3135
K,1574,-1.8326,3.1742,9.3135
K,1575,-2.3297,2.8534,9.3135
K,1576,-2.7658,2.4503,9.3135
K,1577,-3.1250,1.9761,9.3135
K,1578,-3.4042,1.4504,9.3135
K,1579,-3.5880,0.8844,9.3135
K,1580,-3.6746,0.2966,9.3135
K,1581,-3.6568,-0.2952,9.3135
K,1582,-3.5510,-0.8752,9.3135
K,1583,-3.3349,-1.4209,9.3135
K,1584,-3.0420,-1.9237,9.3135
K,1585,-2.6760,-2.3707,9.3135
K,1586,-2.2452,-2.7499,9.3135
K,1587,-1.7558,-3.0411,9.3135
K,1588,-1.2350,-3.2563,9.3135
K,1589,-0.6900,-3.3800,9.3135
K,1590,-0.1378,-3.4198,9.3135
K,1591,0.4079,-3.3593,9.3135
K,1592,0.9359,-3.2311,9.3135
K,1593,1.4316,-3.0171,9.3135
K,1594,1.8878,-2.7350,9.3135
K,1595,2.2940,-2.3883,9.3135
K,1596,2.6422,-1.9855,9.3135
K,1597,2.9223,-1.5337,9.3135
K,1598,3.1366,-1.0471,9.3135
K,1599,3.2632,-0.5303,9.3135
K,1600,3.3219,-0.0000,9.3135
K,1601,3.6891,0.0000,9.5523
K,1602,3.6523,0.5936,9.5523
K,1603,3.5072,1.1709,9.5523
K,1604,3.2706,1.7166,9.5523
K,1605,2.9468,2.2144,9.5523
K,1606,2.5455,2.6502,9.5523
K,1607,2.0786,3.0113,9.5523
K,1608,1.5581,3.2837,9.5523
K,1609,1.0033,3.4638,9.5523
K,1610,0.4319,3.5569,9.5523
K,1611,-0.1428,3.5439,9.5523
K,1612,-0.7038,3.4475,9.5523
K,1613,-1.2388,3.2664,9.5523
K,1614,-1.7263,2.9900,9.5523
K,1615,-2.1652,2.6519,9.5523
K,1616,-2.5407,2.2508,9.5523
K,1617,-2.8475,1.8006,9.5523
K,1618,-3.0776,1.3112,9.5523
K,1619,-3.2269,0.7953,9.5523
K,1620,-3.3048,0.2668,9.5523
K,1621,-3.2983,-0.2663,9.5523
K,1622,-3.2084,-0.7908,9.5523
K,1623,-3.0343,-1.2928,9.5523
K,1624,-2.7942,-1.7670,9.5523
K,1625,-2.4866,-2.2030,9.5523
K,1626,-2.1068,-2.5804,9.5523
K,1627,-1.6791,-2.9083,9.5523
K,1628,-1.1992,-3.1621,9.5523
K,1629,-0.6814,-3.3378,9.5523
K,1630,-0.1383,-3.4312,9.5523
K,1631,0.4180,-3.4425,9.5523
K,1632,0.9716,-3.3544,9.5523
K,1633,1.5150,-3.1927,9.5523
K,1634,2.0241,-2.9325,9.5523
K,1635,2.4897,-2.5921,9.5523
K,1636,2.8892,-2.1711,9.5523
K,1637,3.2261,-1.6932,9.5523
K,1638,3.4738,-1.1597,9.5523
K,1639,3.6291,-0.5898,9.5523
K,1640,3.6932,-0.0000,9.5523
K,1641,3.3961,0.0000,9.7911
K,1642,3.3336,0.5418,9.7911
K,1643,3.1721,1.0590,9.7911
K,1644,2.9511,1.5489,9.7911
K,1645,2.6516,1.9926,9.7911
K,1646,2.2905,2.3847,9.7911
K,1647,1.8759,2.7177,9.7911
K,1648,1.4143,2.9807,9.7911
K,1649,0.9190,3.1727,9.7911
K,1650,0.3997,3.2920,9.7911
K,1651,-0.1340,3.3241,9.7911
K,1652,-0.6702,3.2829,9.7911
K,1653,-1.1986,3.1603,9.7911
K,1654,-1.6990,2.9428,9.7911
K,1655,-2.1684,2.6558,9.7911
K,1656,-2.5913,2.2957,9.7911
K,1657,-2.9573,1.8701,9.7911
K,1658,-3.2416,1.3811,9.7911
K,1659,-3.4507,0.8505,9.7911
K,1660,-3.5758,0.2887,9.7911
K,1661,-3.6021,-0.2908,9.7911
K,1662,-3.5305,-0.8702,9.7911
K,1663,-3.3643,-1.4334,9.7911
K,1664,-3.1091,-1.9661,9.7911
K,1665,-2.7615,-2.4464,9.7911
K,1666,-2.3402,-2.8662,9.7911
K,1667,-1.8498,-3.2039,9.7911
K,1668,-1.3103,-3.4549,9.7911
K,1669,-0.7371,-3.6105,9.7911
K,1670,-0.1481,-3.6739,9.7911
K,1671,0.4403,-3.6266,9.7911
K,1672,1.0123,-3.4949,9.7911
K,1673,1.5498,-3.2661,9.7911
K,1674,2.0362,-2.9500,9.7911
K,1675,2.4622,-2.5634,9.7911
K,1676,2.8204,-2.1194,9.7911
K,1677,3.0920,-1.6228,9.7911
K,1678,3.2799,-1.0950,9.7911
K,1679,3.3877,-0.5506,9.7911
K,1680,3.3990,-0.0000,9.7911
K,1681,3.4557,0.0000,10.0299
K,1682,3.4443,0.5598,10.0299
K,1683,3.3414,1.1155,10.0299
K,1684,3.1360,1.6459,10.0299
K,1685,2.8629,2.1513,10.0299
K,1686,2.4996,2.6023,10.0299
K,1687,2.0664,2.9937,10.0299
K,1688,1.5679,3.3042,10.0299
K,1689,1.0235,3.5337,10.0299
K,1690,0.4447,3.6622,10.0299
K,1691,-0.1490,3.6983,10.0299
K,1692,-0.7392,3.6206,10.0299
K,1693,-1.3108,3.4564,10.0299
K,1694,-1.8440,3.1938,10.0299
K,1695,-2.3244,2.8469,10.0299
K,1696,-2.7441,2.4311,10.0299
K,1697,-3.0774,1.9460,10.0299
K,1698,-3.3296,1.4186,10.0299
K,1699,-3.4839,0.8587,10.0299
K,1700,-3.5551,0.2870,10.0299
K,1701,-3.5202,-0.2842,10.0299
K,1702,-3.3956,-0.8369,10.0299
K,1703,-3.1867,-1.3577,10.0299
K,1704,-2.9040,-1.8364,10.0299
K,1705,-2.5514,-2.2603,10.0299
K,1706,-2.1365,-2.6167,10.0299
K,1707,-1.6779,-2.9063,10.0299
K,1708,-1.1800,-3.1113,10.0299
K,1709,-0.6631,-3.2481,10.0299
K,1710,-0.1332,-3.3044,10.0299
K,1711,0.3984,-3.2813,10.0299
K,1712,0.9168,-3.1653,10.0299
K,1713,1.4138,-2.9796,10.0299
K,1714,1.8817,-2.7261,10.0299
K,1715,2.3019,-2.3965,10.0299
K,1716,2.6718,-2.0077,10.0299
K,1717,2.9854,-1.5669,10.0299
K,1718,3.2230,-1.0760,10.0299
K,1719,3.3790,-0.5491,10.0299
K,1720,3.4572,-0.0000,10.0299
K,1721,3.6615,0.0000,10.2687
K,1722,3.5973,0.5846,10.2687
K,1723,3.4358,1.1470,10.2687
K,1724,3.1859,1.6721,10.2687
K,1725,2.8478,2.1400,10.2687
K,1726,2.4480,2.5486,10.2687
K,1727,1.9917,2.8854,10.2687
K,1728,1.4878,3.1355,10.2687
K,1729,0.9586,3.3095,10.2687
K,1730,0.4111,3.3855,10.2687
K,1731,-0.1362,3.3785,10.2687
K,1732,-0.6722,3.2927,10.2687
K,1733,-1.1846,3.1234,10.2687
K,1734,-1.6610,2.8769,10.2687
K,1735,-2.0941,2.5648,10.2687
K,1736,-2.4731,2.1909,10.2687
K,1737,-2.7914,1.7652,10.2687
K,1738,-3.0412,1.2957,10.2687
K,1739,-3.2167,0.7928,10.2687
K,1740,-3.3165,0.2677,10.2687
K,1741,-3.3278,-0.2687,10.2687
K,1742,-3.2714,-0.8063,10.2687
K,1743,-3.1231,-1.3306,10.2687
K,1744,-2.8926,-1.8291,10.2687
K,1745,-2.5808,-2.2864,10.2687
K,1746,-2.1986,-2.6929,10.2687
K,1747,-1.7570,-3.0432,10.2687
K,1748,-1.2568,-3.3138,10.2687
K,1749,-0.7144,-3.4993,10.2687
K,1750,-0.1453,-3.6060,10.2687
K,1751,0.4376,-3.6041,10.2687
K,1752,1.0157,-3.5065,10.2687
K,1753,1.5728,-3.3145,10.2687
K,1754,2.0971,-3.0382,10.2687
K,1755,2.5607,-2.6659,10.2687
K,1756,2.9592,-2.2237,10.2687
K,1757,3.2743,-1.7185,10.2687
K,1758,3.5046,-1.1700,10.2687
K,1759,3.6358,-0.5909,10.2687
K,1760,3.6699,-0.0000,10.2687
K,1761,3.3078,0.0000,10.5075
K,1762,3.2576,0.5294,10.5075
K,1763,3.1285,1.0444,10.5075
K,1764,2.9301,1.5378,10.5075
K,1765,2.6529,1.9935,10.5075
K,1766,2.3102,2.4052,10.5075
K,1767,1.9085,2.7650,10.5075
K,1768,1.4517,3.0595,10.5075
K,1769,0.9488,3.2757,10.5075
K,1770,0.4150,3.4180,10.5075
K,1771,-0.1398,3.4701,10.5075
K,1772,-0.7026,3.4418,10.5075
K,1773,-1.2551,3.3094,10.5075
K,1774,-1.7843,3.0905,10.5075
K,1775,-2.2745,2.7858,10.5075
K,1776,-2.7126,2.4032,10.5075
K,1777,-3.0844,1.9504,10.5075
K,1778,-3.3737,1.4374,10.5075
K,1779,-3.5784,0.8820,10.5075
K,1780,-3.6815,0.2972,10.5075
K,1781,-3.6900,-0.2979,10.5075
K,1782,-3.5924,-0.8854,10.5075
K,1783,-3.3994,-1.4484,10.5075
K,1784,-3.1148,-1.9697,10.5075
K,1785,-2.7461,-2.4328,10.5075
K,1786,-2.3113,-2.8308,10.5075
K,1787,-1.8127,-3.1398,10.5075
K,1788,-1.2774,-3.3683,10.5075
K,1789,-0.7148,-3.5012,10.5075
K,1790,-0.1426,-3.5384,10.5075
K,1791,0.4235,-3.4880,10.5075
K,1792,0.9664,-3.3364,10.5075
K,1793,1.4792,-3.1173,10.5075
K,1794,1.9416,-2.8129,10.5075
K,1795,2.3493,-2.4459,10.5075
K,1796,2.6883,-2.0202,10.5075
K,1797,2.9607,-1.5539,10.5075
K,1798,3.1522,-1.0524,10.5075
K,1799,3.2713,-0.5316,10.5075
K,1800,3.3055,-0.0000,10.5075
K,1801,3.6252,0.0000,10.7463
K,1802,3.5945,0.5842,10.7463
K,1803,3.4753,1.1602,10.7463
K,1804,3.2622,1.7121,10.7463
K,1805,2.9473,2.2147,10.7463
K,1806,2.5596,2.6648,10.7463
K,1807,2.1012,3.0440,10.7463
K,1808,1.5853,3.3410,10.7463
K,1809,1.0255,3.5404,10.7463
K,1810,0.4423,3.6425,10.7463
K,1811,-0.1470,3.6486,10.7463
K,1812,-0.7265,3.5587,10.7463
K,1813,-1.2781,3.3700,10.7463
K,1814,-1.7918,3.1034,10.7463
K,1815,-2.2423,2.7463,10.7463
K,1816,-2.6297,2.3297,10.7463
K,1817,-2.9458,1.8628,10.7463
K,1818,-3.1771,1.3536,10.7463
K,1819,-3.3248,0.8195,10.7463
K,1820,-3.3806,0.2729,10.7463
K,1821,-3.3560,-0.2709,10.7463
K,1822,-3.2473,-0.8004,10.7463
K,1823,-3.0637,-1.3053,10.7463
K,1824,-2.7958,-1.7679,10.7463
K,1825,-2.4731,-2.1910,10.7463
K,1826,-2.0869,-2.5560,10.7463
K,1827,-1.6516,-2.8607,10.7463
K,1828,-1.1711,-3.0879,10.7463
K,1829,-0.6636,-3.2504,10.7463
K,1830,-0.1343,-3.3326,10.7463
K,1831,0.4046,-3.3326,10.7463
K,1832,0.9407,-3.2476,10.7463
K,1833,1.4630,-3.0833,10.7463
K,1834,1.9519,-2.8278,10.7463
K,1835,2.4047,-2.5036,10.7463
K,1836,2.7986,-2.1030,10.7463
K,1837,3.1259,-1.6406,10.7463
K,1838,3.3819,-1.1290,10.7463
K,1839,3.5476,-0.5765,10.7463
K,1840,3.6231,-0.0000,10.7463
K,1841,3.5189,0.0000,10.9851
K,1842,3.4462,0.5601,10.9851
K,1843,3.2822,1.0958,10.9851
K,1844,3.0315,1.5911,10.9851
K,1845,2.7176,2.0421,10.9851
K,1846,2.3362,2.4322,10.9851
K,1847,1.9006,2.7535,10.9851
K,1848,1.4261,3.0055,10.9851
K,1849,0.9224,3.1845,10.9851
K,1850,0.3991,3.2869,10.9851
K,1851,-0.1328,3.2961,10.9851
K,1852,-0.6600,3.2328,10.9851
K,1853,-1.1719,3.0901,10.9851
K,1854,-1.6589,2.8732,10.9851
K,1855,-2.1054,2.5786,10.9851
K,1856,-2.5110,2.2246,10.9851
K,1857,-2.8551,1.8054,10.9851
K,1858,-3.1372,1.3366,10.9851
K,1859,-3.3295,0.8207,10.9851
K,1860,-3.4508,0.2786,10.9851
K,1861,-3.4860,-0.2814,10.9851
K,1862,-3.4246,-0.8441,10.9851
K,1863,-3.2777,-1.3965,10.9851
K,1864,-3.0337,-1.9184,10.9851
K,1865,-2.7033,-2.3949,10.9851
K,1866,-2.3023,-2.8198,10.9851
K,1867,-1.8320,-3.1732,10.9851
K,1868,-1.3031,-3.4360,10.9851
K,1869,-0.7377,-3.6134,10.9851
K,1870,-0.1488,-3.6919,10.9851
K,1871,0.4461,-3.6736,10.9851
K,1872,1.0280,-3.5491,10.9851
K,1873,1.5799,-3.3295,10.9851
K,1874,2.0894,-3.0271,10.9851
K,1875,2.5362,-2.6405,10.9851
K,1876,2.9064,-2.1840,10.9851
K,1877,3.1980,-1.6784,10.9851
K,1878,3.4011,-1.1355,10.9851
K,1879,3.5075,-0.5700,10.9851
K,1880,3.5209,-0.0000,10.9851
K,1881,3.3478,0.0000,11.2239
K,1882,3.3310,0.5413,11.2239
K,1883,3.2245,1.0765,11.2239
K,1884,3.0350,1.5929,11.2239
K,1885,2.7636,2.0767,11.2239
K,1886,2.4186,2.5181,11.2239
K,1887,1.9992,2.8964,11.2239
K,1888,1.5241,3.2120,11.2239
K,1889,0.9974,3.4435,11.2239
K,1890,0.4351,3.5836,11.2239
K,1891,-0.1465,3.6353,11.2239
K,1892,-0.7322,3.5864,11.2239
K,1893,-1.3035,3.4371,11.2239
K,1894,-1.8460,3.1973,11.2239
K,1895,-2.3424,2.8689,11.2239
K,1896,-2.7668,2.4511,11.2239
K,1897,-3.1245,1.9758,11.2239
K,1898,-3.4002,1.4487,11.2239
K,1899,-3.5733,0.8807,11.2239
K,1900,-3.6481,0.2945,11.2239
K,1901,-3.6262,-0.2927,11.2239
K,1902,-3.5113,-0.8655,11.2239
K,1903,-3.3013,-1.4065,11.2239
K,1904,-3.0126,-1.9051,11.2239
K,1905,-2.6391,-2.3381,11.2239
K,1906,-2.2110,-2.7079,11.2239
K,1907,-1.7311,-2.9984,11.2239
K,1908,-1.2186,-3.2131,11.2239
K,1909,-0.6792,-3.3270,11.2239
K,1910,-0.1359,-3.3715,11.2239
K,1911,0.4037,-3.3251,11.2239
K,1912,0.9257,-3.1959,11.2239
K,1913,1.4215,-2.9958,11.2239
K,1914,1.8794,-2.7228,11.2239
K,1915,2.2854,-2.3794,11.2239
K,1916,2.6397,-1.9836,11.2239
K,1917,2.9248,-1.5351,11.2239
K,1918,3.1445,-1.0498,11.2239
K,1919,3.2794,-0.5330,11.2239
K,1920,3.3457,-0.0000,11.2239
K,1921,3.7017,0.0000,11.4627
K,1922,3.6494,0.5931,11.4627
K,1923,3.4976,1.1677,11.4627
K,1924,3.2610,1.7115,11.4627
K,1925,2.9267,2.1993,11.4627
K,1926,2.5275,2.6314,11.4627
K,1927,2.0589,2.9828,11.4627
K,1928,1.5407,3.2470,11.4627
K,1929,0.9912,3.4220,11.4627
K,1930,0.4258,3.5069,11.4627
K,1931,-0.1410,3.4978,11.4627
K,1932,-0.6936,3.3977,11.4627
K,1933,-1.2200,3.2168,11.4627
K,1934,-1.7061,2.9551,11.4627
K,1935,-2.1361,2.6162,11.4627
K,1936,-2.5151,2.2282,11.4627
K,1937,-2.8206,1.7837,11.4627
K,1938,-3.0573,1.3026,11.4627
K,1939,-3.2107,0.7914,11.4627
K,1940,-3.2931,0.2658,11.4627
K,1941,-3.2859,-0.2653,11.4627
K,1942,-3.2027,-0.7894,11.4627
K,1943,-3.0482,-1.2987,11.4627
K,1944,-2.8133,-1.7790,11.4627
K,1945,-2.5013,-2.2159,11.4627
K,1946,-2.1254,-2.6031,11.4627
K,1947,-1.6958,-2.9373,11.4627
K,1948,-1.2138,-3.2005,11.4627
K,1949,-0.6904,-3.3820,11.4627
K,1950,-0.1402,-3.4792,11.4627
K,1951,0.4239,-3.4913,11.4627
K,1952,0.9882,-3.4117,11.4627
K,1953,1.5318,-3.2283,11.4627
K,1954,2.0491,-2.9686,11.4627
K,1955,2.5184,-2.6219,11.4627
K,1956,2.9215,-2.1953,11.4627
K,1957,3.2523,-1.7070,11.4627
K,1958,3.4959,-1.1671,11.4627
K,1959,3.6475,-0.5928,11.4627
K,1960,3.7022,-0.0000,11.4627
K,1961,3.3622,0.0000,11.7015
K,1962,3.3004,0.5364,11.7015
K,1963,3.1467,1.0505,11.7015
K,1964,2.9316,1.5386,11.7015
K,1965,2.6389,1.9830,11.7015
K,1966,2.2877,2.3817,11.7015
K,1967,1.8767,2.7188,11.7015
K,1968,1.4202,2.9930,11.7015
K,1969,0.9244,3.1916,11.7015
K,1970,0.4032,3.3207,11.7015
K,1971,-0.1354,3.3594,11.7015
K,1972,-0.6777,3.3197,11.7015
K,1973,-1.2121,3.1961,11.7015
K,1974,-1.7248,2.9874,11.7015
K,1975,-2.1996,2.6940,11.7015
K,1976,-2.6237,2.3244,11.7015
K,1977,-2.9949,1.8938,11.7015
K,1978,-3.2860,1.4000,11.7015
K,1979,-3.4956,0.8616,11.7015
K,1980,-3.6188,0.2921,11.7015
K,1981,-3.6376,-0.2937,11.7015
K,1982,-3.5657,-0.8789,11.7015
K,1983,-3.3914,-1.4450,11.7015
K,1984,-3.1188,-1.9722,11.7015
K,1985,-2.7682,-2.4524,11.7015
K,1986,-2.3426,-2.8692,11.7015
K,1987,-1.8459,-3.1972,11.7015
K,1988,-1.3050,-3.4409,11.7015
K,1989,-0.7343,-3.5967,11.7015
K,1990,-0.1468,-3.6432,11.7015
K,1991,0.4370,-3.5992,11.7015
K,1992,1.0008,-3.4553,11.7015
K,1993,1.5282,-3.2205,11.7015
K,1994,2.0119,-2.9148,11.7015
K,1995,2.4241,-2.5238,11.7015
K,1996,2.7758,-2.0858,11.7015
K,1997,3.0494,-1.6005,11.7015
K,1998,3.2355,-1.0802,11.7015
K,1999,3.3424,-0.5432,11.7015
K,2000,3.3593,-0.0000,11.7015

! Material Properties
MP,EX,1,200E9
MP,PRXY,1,0.3

! Results Data (Commented)
! Max Stress: 122.87 MPa
/SOL
SOLVE
FINISH
