! ANSYS APDL BATCH FILE GENERATED BY NVQLINK FEA ENGINE
/PREP7
! Geometry Definitions
K,1,3.4940,-0.0060,0.0000
K,2,2.9120,2.1761,0.2189
K,3,1.0434,3.5321,0.4379
K,4,-1.2653,3.4691,0.6568
K,5,-3.0256,1.9681,0.8757
K,6,-3.4678,-0.2112,1.0946
K,7,-2.5593,-2.1777,1.3136
K,8,-0.7370,-3.2237,1.5325
K,9,1.3508,-3.0252,1.7514
K,10,2.9513,-1.6821,1.9703
K,11,3.4922,0.4464,2.1893
K,12,2.6007,2.5182,2.4082
K,13,0.5891,3.6491,2.6271
K,14,-1.6955,3.2657,2.8460
K,15,-3.2146,1.5732,3.0650
K,16,-3.3846,-0.6484,3.2839
K,17,-2.2438,-2.4717,3.5028
K,18,-0.3251,-3.2938,3.7217
K,19,1.7373,-2.8352,3.9407
K,20,3.1856,-1.2743,4.1596
K,21,3.4475,0.9136,4.3785
K,22,2.2747,2.8536,4.5975
K,23,0.1176,3.6970,4.8164
K,24,-2.0926,3.0088,5.0353
K,25,-3.3780,1.1263,5.2542
K,26,-3.2635,-1.0846,5.4732
K,27,-1.9063,-2.7338,5.6921
K,28,0.1203,-3.2838,5.9110
K,29,2.0785,-2.6204,6.1299
K,30,3.3185,-0.8929,6.3489
K,31,3.3121,1.3399,6.5678
K,32,1.9030,3.1392,6.7867
K,33,-0.3562,3.6810,7.0056
K,34,-2.4400,2.7132,7.2246
K,35,-3.4659,0.6835,7.4435
K,36,-3.0778,-1.4836,7.6624
K,37,-1.5372,-2.9462,7.8813
K,38,0.5287,-3.2587,8.1003
K,39,2.4066,-2.3458,8.3192
K,40,3.4516,-0.4386,8.5381
K,41,3.1352,1.7657,8.7571
K,42,1.4970,3.3739,8.9760
K,43,-0.8241,3.6005,9.1949
K,44,-2.7726,2.3440,9.4138
K,45,-3.5010,0.2297,9.6328
K,46,-2.8460,-1.8540,9.8517
K,47,-1.1350,-3.0995,10.0706
K,48,0.9271,-3.1857,10.2895
K,49,2.7181,-2.0128,10.5085
K,50,3.5107,0.0107,10.7274

! Material Properties
MP,EX,1,200E9
MP,PRXY,1,0.3

! Results Data (Commented)
! Max Stress: 112.64 MPa
/SOL
SOLVE
FINISH
