! ANSYS APDL BATCH FILE GENERATED BY NVQLINK FEA ENGINE
/PREP7
! Geometry Definitions
K,1,3.5017,0.0017,0.0000
K,2,2.9001,2.1643,0.2276
K,3,1.0612,3.5499,0.4551
K,4,-1.2694,3.4650,0.6827
K,5,-3.0144,1.9793,0.9103
K,6,-3.4774,-0.2208,1.1378
K,7,-2.5675,-2.1860,1.3654
K,8,-0.7543,-3.2410,1.5929
K,9,1.3555,-3.0204,1.8205
K,10,2.9538,-1.6796,2.0481
K,11,3.5097,0.4639,2.2756
K,12,2.6066,2.5242,2.5032
K,13,0.5883,3.6482,2.7308
K,14,-1.6963,3.2649,2.9583
K,15,-3.2305,1.5573,3.1859
K,16,-3.3980,-0.6618,3.4134
K,17,-2.2663,-2.4941,3.6410
K,18,-0.3087,-3.2774,3.8686
K,19,1.7262,-2.8463,4.0961
K,20,3.1739,-1.2860,4.3237
K,21,3.4305,0.8966,4.5513
K,22,2.2866,2.8655,4.7788
K,23,0.1094,3.6888,5.0064
K,24,-2.0849,3.0165,5.2339
K,25,-3.3788,1.1254,5.4615
K,26,-3.2786,-1.0998,5.6891
K,27,-1.9049,-2.7324,5.9166
K,28,0.1022,-3.3020,6.1442
K,29,2.0876,-2.6113,6.3718
K,30,3.3341,-0.8773,6.5993
K,31,3.3124,1.3402,6.8269
K,32,1.9025,3.1387,7.0544
K,33,-0.3549,3.6823,7.2820
K,34,-2.4548,2.6984,7.5096
K,35,-3.4784,0.6709,7.7371
K,36,-3.0758,-1.4816,7.9647
K,37,-1.5319,-2.9409,8.1923
K,38,0.5208,-3.2665,8.4198
K,39,2.4250,-2.3273,8.6474
K,40,3.4450,-0.4452,8.8749
K,41,3.1428,1.7733,9.1025
K,42,1.5029,3.3798,9.3301
K,43,-0.8232,3.6013,9.5576
K,44,-2.7643,2.3523,9.7852
K,45,-3.5016,0.2290,10.0128
K,46,-2.8456,-1.8536,10.2403
K,47,-1.1420,-3.1065,10.4679
K,48,0.9299,-3.1829,10.6954
K,49,2.7108,-2.0201,10.9230
K,50,3.4981,-0.0019,11.1506

! Material Properties
MP,EX,1,200E9
MP,PRXY,1,0.3

! Results Data (Commented)
! Max Stress: 117.08 MPa
/SOL
SOLVE
FINISH
