1.0289342660694314
0.9799999748143917
0.9824683464916404
0.9994052650794337
1.0272696359687084
1.0586046622993397
1.0683047603777518
1.0782910451491707
1.0731691302789406
1.032423618290245
0.9893561687100669
1.0130975457646452
1.1241511979316705
1.2259202147054662
1.2696188576993526
1.254667302153294
1.242334299284094
1.2998898989306429
1.36086674963642
1.4448921427161006
1.438135169687216
1.4536845522975164
1.5109473135380111
1.5922824608467545
1.6688824718972755
1.7035158943462188
1.7013371193579174
1.6877322583422099
1.694069485416616
1.7032120471098575
1.7002341849222298
1.6983616685721692
1.6803957806385514
1.6394230716447185
1.5890143355208515
1.5505992264107613
1.542701150443927
1.5501198715458324
1.5570478478524412
1.5558718741191586
1.5350264866423053
1.5799808425944564
1.6517326973309514
1.6687833892160608
1.6350854085395778
1.6127816303361904
1.592363616194754
1.5427321548682058
1.493964747388272
1.4424420391048371
1.3961126361432419
1.423439127238766
1.4837800136634374
1.541386746388437
1.5944176578815503
1.640762841371156
1.7213501347248579
1.8029313135558847
1.8838141949522602
1.8945485460013534
1.8604314211117892
1.7818002110363027
1.6651305284691174
1.5990499996199001
1.6167751478688122
1.6635538424897718
1.6700477718548554
1.696095670643816
1.8115955380716002
1.9389860951890532
2.1009922400582135
2.206882755170629
2.18911402833617
2.131262250911267
2.1437722454965047
2.1228381010250086
2.0980121918097927
2.0639720608338608
2.017098665258371
1.9741337066793463
1.9659317747791754
1.9373081488679351
1.8417406792375253
1.7456107622405905
1.6291743751538372
1.6071299665771677
1.6188431825086167
1.5855681044449108
1.4664329493312027
1.337726957613882
1.2653274300679178
1.216267473032603
1.157871781963735
1.1370872247864683
1.208868446810734
1.2383603386737982
1.1772096434373602
1.1623318925024422
1.18665362893091
1.239358451541228
1.2524608957124714
1.2814221372365036
1.324074118112111
1.3938706595006929
1.4110356141741882
1.4412165331989095
1.3945596979045316
1.3511052560545866
1.38834342560772
1.4882717699370809
1.483243482581206
1.4314773289827434
1.360030962164682
1.3407561911848291
1.3160034992695935
1.2580929619856456
1.21491874171687
1.2510665763531958
1.2638542664747374
1.228438944483909
1.212764428853987
1.2012496868973133
1.203974409550064
1.2784088721965101
1.3495247528975618
1.4181070809013547
1.4269937202507523
1.4128779701584453
1.3898297080775721
1.339522692758875
1.287713304237634
1.301999733155406
1.3229877286395293
1.3395268423670075
1.352528978680675
1.3451458770543112
1.301871610298652
1.2367010062903874
1.1877682697724723
1.1983423921873844
1.2698284523459027
1.28751548079817
1.2754548546416382
1.2395316167904549
1.1555801175102192
1.0903219558164878
1.0286225046046167
0.9983708129690204
1.0036619249404546
0.999661699053019
1.031732753527667
1.0705851355300895
1.0921095664009741
1.1171309748740264
1.1422285120727942
1.1733379278917375
1.2439255471550614
1.3272164751740652
1.430844368854454
1.5023253522151554
1.524913377374157
1.4916907392300787
1.46217104730929
1.484576684618908
1.5365975527996698
1.5968296452854198
1.6193559065509673
1.65172111067534
1.6765066652534373
1.6799163644909951
1.6996435003740777
1.6835836408303857
1.6437681405828501
1.615086669329192
1.6060867514155805
1.6071916442280587
1.604661220538027
1.5908793035362447
1.6195879649400946
1.6621169119522898
1.7106106549090876
1.6802598270568885
1.6295988505645143
1.6183358981442666
1.6034955862794236
1.5797156325380495
1.5607934624312112
1.5605068914721298
1.575189419742571
1.6084065889943868
1.6303891177873482
1.604040184731514
1.5809210175411161
1.6087782100935772
1.6788448742796753
1.7568015819261884
1.8554543008628182
2.0159985111176697
2.1224367820371204
2.0952552594959704
2.028343660628227
1.794323813110093
1.6382319535581844
1.576067734229026
1.6133426547331393
1.6965904856598153
1.6404408753104778
1.507427484911126
1.3751918957515779
1.2061967359341002
1.1262189051322842
1.11723907674336
1.206997706983922
1.3057284687257582
1.3272784850040615
1.3159457709991977
1.313804892963387
1.3305971897131665
1.2976363546869456
1.2671710293661929
1.2522913587685538
1.2553922826616792
1.2830983963498133
1.314660924587951
1.3512372551882932
1.34172813274088
1.2947878745398635
1.2789047107080656
1.292562752584709
1.3117537151985612
1.3574889239754178
1.3885130216590373
1.3954662346005335
1.3717766870585737
1.3552246925150708
1.3574458629444752
1.3721097460307428
1.4134864740489015
1.3839893267394465
1.3445859206737436
1.3267093061415145
1.3176127637717905
1.292619141227474
1.2815845698928945
1.2871953769073559
1.3184816825049397
1.3447557269688697
1.3864856892887587
1.4143450115846457
1.44516221188219
1.460710843908148
1.4505550233532638
1.4171771289482067
1.3801505402777268
1.3345525376404919
1.2910395642592083
1.236965898075426
1.2027103663207264
1.1474335358652734
1.1326581775119875
1.155509997152978
1.1649521895810302
1.1661138428300506
1.173302611492465
1.1852923078554465
1.1981700130318438
1.174634853643702
1.141793022141945
1.1433876595540198
1.175580748366473
1.198838517072707
1.2307664697400553
1.2494731476328529
1.2231412713561183
1.190079161960019
1.2019184981618598
1.230591720059589
1.2802207586511267
1.3427238152392371
1.3764621669650488
1.3926056453291484
1.360324867215046
1.3420632485048027
1.344312156802596
1.3510640242411234
1.3302783650426389
1.2317854247816953
1.1350311784010456
1.1220869485017289
1.0958447921244814
1.0466485607269296
0.9654805413858819
0.9007850214416643
0.8920714945561254
0.9897214698089476
1.171510196431315
1.272775924917268
1.305564460836991
1.3005978857158778
1.2113284133355433
1.161068204135532
1.1949420768435053
1.3099920944503083
1.3950955251902195
1.431804273541052
1.4416127581454834
1.4214501672508815
1.4441595094957302
1.4795571677512598
1.5244693271791745
1.5930253906780172
1.5733556035977343
1.5532613870941163
1.5538562264522606
1.5281472071615745
1.423451155392249
1.3128517457664752
1.2809444359399522
1.2514049135707572
1.2178003140904337
1.2537338080058444
1.292049137025842
1.274220058295083
1.2634239983826714
1.2651346561729553
1.2702310604109466
1.2743085565407373
1.2910979794953257
1.3166624661027162
1.345370071661987
1.3141375084415738
1.2470518772171941
1.2366122603731162
1.2645753857114237
1.2883622181069558
1.2964658056123892
1.3093690117051653
1.3231409849122844
1.2977216832433167
1.2858870224490235
1.2879404917961759
1.2831037987298366
1.2953188710599903
1.3120662900292221
1.3213086806777692
1.3311209992359476
1.3410991294014833
1.3608027915369068
1.3681012466596707
1.355814869552517
1.3419167206796392
1.3600500817605672
1.3876963117029841
1.3805553918510094
1.3348731835056376
1.3266664996956155
1.3674929541106795
1.3894270165698133
1.3800433989364038
1.3729388619464096
1.3779171350236088
1.422049660410808
1.4644633660519477
1.510768852523686
1.556247476983937
1.5751798763295923
1.5610263339628563
1.546066491441605
1.5280561921361033
1.5158010355174931
1.5258519286439407
1.55270781112916
1.6283525732525543
1.71735909765547
1.81907422088703
1.907297838247232
1.9186813694344769
1.8455708835473539
1.799813510706371
1.7914256216294693
1.8624564175393192
2.0005330830597057
1.9742788376004403
1.895916893580712
1.737372531287859
1.6105812698186892
1.5399237387824092
1.537724662380681
1.5664606971825288
1.568029480148411
1.588400577796556
1.6047565385923432
1.5847829481473694
1.4854276342647454
1.3892185690597916
1.32591986413042
1.2945063974943876
1.2622530251221311
1.2139043685759492
1.149669456895379
1.1182575813352227
1.0752892868217816
1.0216742686838303
1.0547119474496478
1.0938716815270093
1.0679487053728174
1.0134326689888726
0.9574609542187266
0.9001096850266106
0.8547559897621062
0.8489583092128211
0.8293812347557155
0.7991786335375947
0.7914553023415845
0.7826236953139598
0.7438587997397683
0.6886887437429217
0.6886917105704441
0.7039235361329566
0.7530146688366118
0.8358885570093735
0.9174728597211914
0.9905438969962232
1.0299673343490603
1.0169639555623244
0.9932915704199817
1.0516501980082165
1.1393544328353868
1.1923213683419904
1.2087076262246623
1.1985359135705678
1.1615659890128252
1.1383952129323096
1.1515246627534041
1.172065192068736
1.216212965981429
1.2846605625832495
1.3590036623295216
1.4445437802630994
1.5095069232013383
1.5695411583888719
1.6255143124966067
1.6790631207930056
1.7284853298845837
1.7568775182228826
1.8699722503691927
1.9947702460957408
2.0551497043487603
2.0211673095088125
2.0375580476575768
2.095603804499327
2.2162073749765785
2.450309972791754
2.732770762044327
2.829111464181708
2.887651294434596
2.9769230797270416
3.098754908126004
3.196418205375968
3.1270432299730553
3.029432783177285
2.89821299287966
2.776900462031322
2.5566282842623336
2.3156190491137587
2.1975448461232423
2.0688326143164493
1.9695889589373083
1.8962106753409342
1.8394787695521173
1.7720008898056878
1.699215230847007
1.6304129331273272
1.5837271663220995
1.511892819989989
1.4524642715385467
1.4267506006751989
1.440134401471849
1.4260325503020983
1.4042102499134328
1.400650811875278
1.423495187867458
1.446692697177181
1.4790735587910762
1.509495226995038
1.517868812007128
1.5165800826880822
1.5229336470963664
1.5489526249852974
1.5649545217433347
1.5559433960316833
1.5416412973666451
1.5325108016023037
1.5013096775658226
1.4588090413597354
1.4834633686495338
1.5464818579200033
1.5692161012059265
1.4989017692564148
1.4157460160010567
1.397573261219758
1.413562314901766
1.4563449927275884
1.5060159524683034
1.5405715551070902
1.5920742377880963
1.6342136320821532
1.6554060745251071
1.6424176659479972
1.6047652437845248
1.583917292666145
1.6389985437604087
1.7537544659407576
1.8378847367543811
1.9402003086576067
2.0198967893234796
1.990052139644545
1.9277206594442893
1.8848806750900007
1.893440459250944
1.9439471516867928
2.011004522211178
2.037261391166565
1.9583986178274093
1.896449303754158
1.8225216759252916
1.7506236235782227
1.7573910253651055
1.7581727476385027
1.761219539558771
1.7750655218604665
1.6890042212236838
1.5514270894069662
1.4250983550666576
1.362833430941968
1.3152896113815582
1.263361753733836
1.234844396663581
1.2271661620782384
1.2550643165656261
1.2802826265731233
1.2618522835563772
1.2068434523835594
1.1812282358011295
1.2025853865160632
1.2194459227650245
1.2507819602485037
1.254485146732673
1.2579184387072828
1.2965081542793475
1.3260146740092067
1.2946469226305786
1.3057824167600776
1.3375031914043398
1.3294725543790984
1.3084495888168273
1.2589849215910331
1.1981696787208953
1.1806362589231223
1.1725967346663395
1.156773318915849
1.1852124953441976
1.2286546407570966
1.2666509186635468
1.2953781767991925
1.273375807868282
1.1835067364802068
1.086693853593324
1.0433072014062357
0.9983656086698952
0.9542894526171632
0.9608285812714508
1.0337427921488218
1.0751985445118786
1.1161700223230553
1.1939741749924744
1.254345010272742
1.2683974274193137
1.3106657807514632
1.3079488160371846
1.2865078763238442
1.263892910587687
1.2232022712491222
1.230543108812673
1.2645108367237479
1.3162160879267712
1.3919544008868001
1.5118090566186357
1.6530764807382123
1.6794417552136343
1.6731027502680809
1.664004620080811
1.5180951119750528
1.4079474358472637
1.45744039199747
1.5470029648275891
1.61629170489748
1.7211898322724304
1.9310564742600704
2.079369797961298
2.1788985133438126
2.2851707240975694
2.2765197319839685
2.2059478578656475
2.1684746786989937
2.012296782292889
1.736748420287289
1.5889434896507937
1.5392406122458973
1.5226348861745658
1.5697230116610248
1.6133470460431396
1.5669199635348856
1.549041237307685
1.5966364587024602
1.598673216282092
1.5396430986514749
1.4894508074728614
1.3988231599723862
1.3386070948439603
1.326828123949043
1.2799268986306649
1.210015921686147
1.1884644659352326
1.1817975268430383
1.173781434345043
1.2492345164909104
1.2898504024386295
1.2929045270402153
1.2979975487499982
1.246516430998652
1.175709710545138
1.1221704919914013
1.1381303763566062
1.2160690052151741
1.2701122815785508
1.2703042728869938
1.2592176348409527
1.2591908711378867
1.2676389746235812
1.2477774426311903
1.2322621674456842
1.2933611165592207
1.417731787137495
1.4838206591315577
1.462184294602404
1.3832167377866322
1.2728139808452066
1.2193950627826045
1.2265705737423926
1.250549331462442
1.294172186184941
1.3317575161145478
1.3632587215155418
1.3537015770933172
1.3141335854008553
1.3138506767565488
1.3827616880340778
1.4843739500772775
1.505565655505134
1.527662115796096
1.6159405076030127
1.670974671955425
1.630882255419611
1.546242339379402
1.509460325802354
1.5533247702846564
1.6775336244666799
1.823848546876526
2.008043978000987
2.078494430509454
2.0390788009326957
1.9408933740436953
1.9025846285176105
1.9128042911149865
1.9307694935976525
1.8765747225213012
1.8193305364002554
1.7002006387686115
1.6278275317073518
1.627208646788143
1.598278889336651
1.5319373541354087
1.497565649011415
1.4947111912406355
1.4987297961174273
1.4755567152834823
1.4350259809295887
1.4125976627278973
1.4363473549782062
1.436970338323182
1.4087719657094322
1.4080250310254816
1.472500167894643
1.5305259170989312
1.5426069249933783
1.5887993374052871
1.6836261694242207
1.6754722877538237
1.6611851878322548
1.6056978315238006
1.530142104335548
1.4857263001435894
1.4787257628447328
1.4504139543055654
1.4112762501089606
1.3977781421614195
1.3718364280889697
1.3902542761788674
1.4058171797834131
1.4131208315615462
1.4500241840682508
1.4678156143320753
1.500958790736589
1.5020079806431528
1.5174866992349831
1.5291816398062281
1.4905276254722444
1.412462565469635
1.394536791844383
1.4440277945512605
1.528951796297741
1.632583344391092
1.7569713339334483
1.8523251883167444
1.9043947498993352
1.858682169468828
1.7735188580367613
1.8274667249835934
1.8367592885255075
1.7532797280261723
1.6409451758409022
1.4815909764553763
1.4733115259292846
1.4593610041000706
1.4338520905756935
1.3756791296230684
1.3399639086489636
1.2974830029687896
1.301090653373416
1.3504742587146852
1.3974876416072315
1.3724990378853865
1.2966853441943127
1.2893483397288923
1.2933954830642136
1.2918293002277628
1.3420753225925923
1.4160826680656928
1.4097583944254837
1.3862450129079475
1.379990782781843
1.3394243895787354
1.3413452032927204
1.378478310974396
1.4102599443055626
1.4120184480550637
1.4577422743955977
1.5634402406981731
1.7067961123933781
1.8055184590117135
1.7948599167371235
1.7134293583110007
1.6820234249505364
1.7074161876816143
1.6929271676325162
1.6832719243765502
1.7195809946657061
1.7318033826954744
1.7236293881187965
1.719847909860785
1.7173421023404511
1.7588509065719171
1.8644646717184865
1.9673239603337616
2.0259766395343077
2.0441861436469053
2.1065341244347393
2.1889022424444393
2.1970749579723696
2.1358071299618464
2.002205779207438
1.8772688825096544
1.8431645163006034
1.866460507020268
1.9129404281163103
1.9782692864686344
2.0575888187834392
2.0570745249516666
1.9886339089734553
1.9831659012363079
2.0143040438211233
1.9871547551270892
1.9171990340997893
1.801192851653537
1.6949919982247494
1.5740634996008396
1.4986645341092444
1.480876509925353
1.4962015518534981
1.547160380747068
1.5322698652052658
1.5660179472251896
1.6381281192522927
1.6686093824710941
1.6573223629780884
1.6487655889219064
1.646345753045223
1.6294804970821661
1.6460449468533986
1.6713207618342034
1.5519107992160615
1.429256878865422
1.4052612895827623
1.450309461455695
1.4749134220121136
1.4557584621965993
1.4450798909438263
1.4545825955699523
1.4237782921870301
1.3947067201020353
1.3835926234700326
1.4225035354480338
1.4659025634024878
1.4542136411809925
1.4368698590510718
1.4212613343249454
1.3688348923105311
1.2634126229360203
1.1874291055493886
1.1472317872933908
1.1663400209945505
1.2522105092284725
1.383118110469439
1.4773240282329145
1.5080843599266676
1.5524004615912643
1.6250100096580569
1.632300609532632
1.6467557833351973
1.712128257136517
1.7181337271809847
1.6680060363195295
1.602042197848552
1.5616583861819315
1.5899676160270053
1.6013219010838704
1.6184947354196841
1.6575811549349266
1.6750591729719526
1.6898151841823297
1.731871620934087
1.8222642203481465
1.8867154120433056
1.9101869777818068
1.912975136482866
1.8760686422135167
1.8066201280591185
1.7757423170711597
1.8409164655648682
1.880741622909937
1.8673248357937446
1.8223170859075692
1.79027132126338
1.8059375680077414
1.8464682112128799
1.8778029889016854
1.9096289241267592
1.9416054886658385
2.001741122187496
2.0485782761442013
2.0538898346343006
1.9624956751214204
1.796787138233098
1.7465970858587314
1.700694961887188
1.670877236862618
1.6928690915658806
1.7727343709086434
1.782053908930779
1.6952073605238465
1.624662958994809
1.5860539861551473
1.6029283514729784
1.6622869623896677
1.709131760803562
1.6459329410638999
1.5772528394427436
1.640603567315604
1.6808907827961739
1.5663607251920713
1.4946119402997387
1.4251538334678004
1.3984534936338786
1.4238266923619547
1.3783172906908463
1.3496802591724424
1.3371133137877527
1.317152906851913
1.2520005443037403
1.2083765151794081
1.1946364058108858
1.1550554741598005
1.103673608616242
1.0750936066748935
1.0565977281401855
0.9980841037245922
0.9614995324607155
0.9437199201047836
0.8894548998206588
0.8512489469101431
0.8621603447170706
0.8791261668658408
0.9159495220333546
0.9571600757903559
0.9826734888688066
1.0269572799475675
1.0592977596788127
1.0535366101504786
1.0190851092735456
1.0705992014631025
1.154473634796167
1.2178564478768343
1.2852426903448388
1.3699339168754117
1.4322498810115771
1.4382678683317118
1.5358883019711345
1.6764098802664773
1.7310262483747918
1.7433593934064802
1.7465723736299528
1.7755965532939804
1.790382291043211
1.787346078999372
1.8040296762111172
1.7704463984415193
1.7282868447886934
1.6665742950281695
1.6265590454164705
1.6281818064440121
1.6215453403956566
1.6295016970721516
1.6138328891494678
1.5982889659516302
1.5698343564782011
1.5285286832635807
1.5251862901429833
1.492142639968177
1.464246380518063
1.4895024162330373
1.5409884656131314
1.6015863363409675
1.641367892276017
1.6755900979993807
1.6681146737176324
1.617756642541151
1.5781927898606636
1.5497914466052245
1.5675373071201548
1.597977832464179
1.638297514083872
1.6798124063148234
1.711567430675892
1.7268693840082443
1.7113049725045866
1.6941808207896354
1.6596444426158061
1.6028426767351547
1.5527959300926608
1.5516678584538612
1.5684386017880685
1.584167336023942
1.6123625617507795
1.5989275795451814
1.5705824022476715
1.588789977673678
1.6747092899887333
1.7652309960466652
1.8212391983594722
1.8546833872733464
1.889507247550834
1.8762736252129257
1.7904136792200376
1.6467369917014663
1.5921232685743556
1.6087427860880656
1.578135762425009
1.5855705970730993
1.6234730623499274
1.6429443932743317
1.6188104506770857
1.5569678221555434
1.512478113094732
1.3798900513736116
1.3339602633387337
1.3081157076232193
1.181850618583515
1.0343333395575587
0.9456978719456722
0.8932490597458764
0.8555335078584104
0.7997153305962525
0.7394826390485346
0.7213028948530478
0.7078264357268549
0.7041733952862019
0.710404890991309
0.73837942437048
0.7683554866820389
0.7920054120159876
0.8053922198660748
0.7865420006975149
0.7685910092690135
0.7116878802610516
0.6793578166843072
0.6426534985275881
0.6378378880848429
0.6848233192644037
0.7265748897112035
0.7613037970615621
0.7912149248340888
0.8065776502431301
