0.6632312432486833
0.682733587162239
0.6382002089639405
0.6013436005729651
0.5953685953889526
0.6058762124806182
0.6216650597447687
0.6230020613339952
0.6172879270893771
0.6318982843986233
0.6534745403193319
0.6802757886628341
0.6963118878666512
0.7251290349782347
0.7477218751341147
0.7551991525033709
0.7412932955963384
0.7280177568361463
0.7232093194655244
0.7118313826763503
0.7009184458969309
0.7062222952157317
0.7125454645775976
0.7341605176162406
0.7573446129505788
0.7668670405527502
0.7723381627056117
0.7758475005592133
0.7774870764025097
0.7760848301976857
0.7684294005219273
0.7533844878361923
0.7430843555712067
0.7374292665165374
0.7224286999139041
0.710275373139942
0.6970207094566845
0.6863006730349491
0.6655643437726888
0.6301047254486388
0.5780877380940583
0.4854095856961263
0.24864079056102015
-0.7188511281730815
4.6204945571008516
1.8416488878425066
1.453860325281493
1.3041330005043623
1.221471252514752
1.1712666820353965
1.1387212788495344
1.1180712127662689
1.097040652108794
1.0821226355154077
1.0711364488227162
1.0597537078433432
1.053364788838035
1.0471679232890518
1.0418465574368356
1.040053738467061
1.03637045290068
1.0358473890741433
1.034555451420671
1.0334238774114026
1.0313286541264515
1.0322486824321269
1.0321150592440123
1.0302972895903635
1.0300490483693887
1.0296137834971855
1.029204984215771
1.02825514839325
1.028725499675282
1.0294810761588449
1.027801184755636
1.0258065673745111
1.026775669125196
1.0261169851129692
1.025500682630855
1.0262972966905919
1.026118980388131
1.0276856025864824
1.0266816858936927
1.026842923561408
1.0256892767510972
1.0266194191523486
1.0236142740452496
1.0226523972607076
1.0241939458473193
1.0238147713826307
1.024174549832487
1.0243489456329984
1.0242572190567536
1.024602380835931
1.0240929434575472
1.026226324097297
1.028228167189811
1.0286983025572969
1.0281067536958854
1.0286084653806373
1.0295148736873987
1.0287531737331699
1.0280887873936246
1.0279628728417656
1.0276143853629005
1.028341617016335
1.028095109657509
1.0303263665727314
1.0312572739033465
1.0313375403513205
1.0315940511146475
1.032167781124218
1.032160343633028
1.03205246179311
1.0311159574932425
1.03125267565957
1.0332504119320325
1.0345908687900975
1.0344587519078705
1.0356589467907806
1.0343745302075038
1.0360847403248872
1.037612118984017
1.0388068945581934
1.0422490110079954
1.0465303656997027
1.0518707789687762
1.0697353244351406
1.1299584100176499
0.39308125720940973
0.9211239795384413
0.9711581573677281
0.9829721463063288
0.9880668351097245
0.9910541926928996
0.9956040364247284
0.9994800634996561
1.0154858702406417
1.0350582518634048
1.0502283531174235
1.0550299111259211
1.0586686057053216
1.0767353054374365
1.0870817881666335
1.092343592076056
1.0977182734093303
1.0921047805605688
1.0861682400705508
1.0926086966166029
1.1098755482351081
1.1373066180318205
1.160914752485884
1.17583886408069
1.1835530351419017
1.1912023883306841
1.206735156305307
1.2158880305245634
1.2298985112078784
1.2413044748458453
1.2510265372801135
1.2569050655290968
1.25979963542035
1.2584273285338852
1.2466248247212808
1.230566032531745
1.22417556338086
1.2276649295605828
1.2271054227259306
1.221837608625904
1.2088961589402687
1.1949012780861195
1.1844593833623271
1.173992166109412
1.1585985779679469
1.1443097504481834
1.1301643198026496
1.1024286156887795
1.0833070063159194
1.068421523551451
1.0486262914119222
1.019314617690713
0.9984325410459649
0.9924394908765998
1.0002384007830727
1.004512686179279
1.0085228064111624
0.9968636665793671
0.979534730244597
0.9878123625567108
0.9892247999173686
0.9954506097057171
0.9940715925100916
0.9913050689611606
0.9906343947143623
0.9956671645540958
0.9955662756614406
0.9967027666034071
1.0010434206992238
0.9949567939242551
0.9809991333812251
0.9837829772829937
0.9839836303776315
0.9776175337848364
0.9615517114252751
0.9349283859681256
0.9184355389505218
0.9098121309063156
0.9052041065411869
0.9068690774848802
0.8985256169568117
0.8963903032231141
0.8902932735063055
0.8958116014881732
0.907736547752379
0.9155517164585135
0.9138773494164322
0.9069965530844571
0.9024745537498376
0.9052225387859714
0.9098442855852034
0.9257233298213401
0.9210382457080608
0.9218663641135567
0.9172826632142987
0.9136717186091632
0.9185748480519842
0.9205695109142474
0.9222213952549314
0.9377130681542187
0.9483841212479215
0.9511558273491315
0.954770465739746
0.958196045597342
0.9606033190726011
0.9553143648785746
0.9415017785247235
0.9337526548683885
0.9377848881068475
0.9356503313071387
0.928638489747516
0.9374959589815667
0.9341046759574975
0.9409223773249287
0.9335243817249343
0.9320770639062137
0.9419055988713424
0.950134644750548
0.9499523785276074
0.9483673574848075
0.9433314635987613
0.9435080967945114
0.9613334972931057
0.9777510002240396
0.9914722234527236
0.9911551968912284
0.9896170747045533
1.0006500350245955
1.0066067219908084
1.0063174696630113
1.0003387915001873
0.9923427485993485
0.9745539751018352
0.9780091755820755
0.992726566545834
1.0080347719159506
1.0063817716229047
0.9973034028983135
0.9859095031014994
0.9938482887923228
1.003463420096415
1.0106133251922333
0.9913849464623513
0.9573805320765563
0.9291664377736268
0.9008848775958116
0.8818362239424193
0.8886597303429447
0.8912737354814659
0.9035031348661223
0.9195024519867181
0.9421961143884514
0.9665041643345773
0.9880147648583448
0.9995277564235199
1.0034147475102002
1.0128054462371407
1.0445879526360358
1.074211371318384
1.0975515824370887
1.1073167583199819
1.1163417232887123
1.1272899791695319
1.1738732777187353
1.23836583532839
1.3166985306017045
1.3739299955657764
1.4204996943439732
1.3838131477800222
1.3424950099202335
1.2869672537627521
1.2375307045211323
1.2010198692510436
1.164658906484704
1.124170655986301
1.0928887836415864
1.0839237852534207
1.0803973803832427
1.074716579698326
1.0714485056299605
1.0656838593744888
1.0649379010554925
1.039540865577238
1.000856778698328
0.9686692248852063
0.934757103217938
0.9001757577658128
0.8847447406944801
0.8721411913864078
0.8680928669349116
0.8754748314000643
0.8854725768847924
0.8982516378307672
0.9077389865776362
0.9225149398251078
0.9492122705542643
0.95858453331217
0.9577721564959039
0.9537965266185707
0.9449421916876415
0.9399218942718944
0.9456508078303033
0.9465555151995982
0.9677200642663932
1.0016283695918855
1.034709112897142
1.0563485032431983
1.0877466965327343
1.1190407988585367
1.1479352561233496
1.1571958348565428
1.1462896581140298
1.1424876814854599
1.1379634957116735
1.135223282581012
1.1412941211054015
1.141746576750581
1.1054546865771109
1.0512084604367151
0.9985054382276856
0.9585695199737927
0.9378143562180964
0.9189141497497428
0.898671869337095
0.8717711856602743
0.8466858368552148
0.8241598694271364
0.8210772344027417
0.8227373986056146
0.8190922255895269
0.8033259252780298
0.7967977620719326
0.7935744101017053
0.7852020065509621
0.7833683291738822
0.7892488794891447
0.7924556310590322
0.7952157285058356
0.8139635486537447
0.8219429614606404
0.8406475763639472
0.8580618834880084
0.8553219647513023
0.8468055597088235
0.8389615657518648
0.8392439936096013
0.8532934878232055
0.8762717111820776
0.895349044200406
0.9019933572404728
0.9141604385607386
0.9446624115083644
0.9706456980998962
0.9822942427840715
0.9944327576323405
0.9909448761194637
0.9825850546231187
0.9737110532300508
0.9518348849232446
0.9300405381437944
0.9265790355148197
0.9190378015079613
0.9164885226601823
0.9160974349961636
0.91658009931028
0.9070728564805581
0.932137475173434
0.928804618503451
0.9263966457063285
0.926807725611105
0.9273334597680873
0.9279337620724315
0.9233668891887662
0.9104424204694533
0.908484165645787
0.9087371346474892
0.9225006094017203
0.9306920643008735
0.9371557935724748
0.9578163796609188
0.9865171823579766
1.0279378905862055
1.0651478179227052
1.0981188941145166
1.143014711724774
1.200444017201829
1.2645635562113027
1.2407085905203912
1.2526624446411438
1.2583574700557953
1.2602580262190248
1.26886874249726
1.2978410412779318
1.318538351509923
1.32844640859246
1.3281503605605787
1.326280627867238
1.3076679796335993
1.222785813410028
1.1478714655954438
1.0806566345481459
1.025413144298845
0.9795521366335584
0.9640319265675101
0.9588895926076878
0.9485159059572026
0.9210113412685997
0.9012473293149766
0.8949973424136282
0.8868789661346582
0.8778865394610859
0.8797062613306654
0.8802780268640984
0.8702840446110097
0.8612268962059548
0.8518834946538472
0.8285537139777113
0.8056716827558532
0.7829757621465959
0.7853244795319143
0.7959934153661071
0.8087542250693867
0.825226907343731
0.8371565779096984
0.8291955625863645
0.8074396622646878
0.793936390050829
0.7928544699072292
0.7982615734040515
0.7898993987815556
0.7849644238107157
0.7918775813842605
0.7900335713633919
0.7870501584822887
0.784966319861391
0.7844527177136453
0.7736144680174973
0.7672380066793819
0.7639258226312028
0.7562988351153438
0.7538942006692858
0.7453222474552591
0.7384316012434523
0.7295011934889136
0.7246073942775536
0.7283294508602629
0.736193308399017
0.7397441081909149
0.7389521488132873
0.7313500040851674
0.7279145981260423
0.7178258173827847
0.7009255779078735
0.6878811128779683
0.6723907540014071
0.6566791157627089
0.6472323688847693
0.6480123037405706
0.6557624096506738
0.6652474256962921
0.6793116135381341
0.6839142759241206
0.6848558068047321
0.6908320388567798
0.6932584570827527
0.6926908821908155
0.6856895552081878
0.6811782977503379
0.6749484442643889
0.6753369440110605
0.6816689324775858
0.6846015142351125
0.6914514715136666
0.7036375204833647
0.7184545470249942
0.7286199682581562
0.7379832163922431
0.7458845988174699
0.7550858695394334
0.7596474380094953
0.7564516516903772
0.7567468730801736
0.7706813181540664
0.7893242316986229
0.8003090727155892
0.8061056566995357
0.8174027384192697
0.8275776793833461
0.8321043335127116
0.8356875225995842
0.8271502769749055
0.8204003702107692
0.8198656301479507
0.8212148662681544
0.8089508870889228
0.7910291978203533
0.7811674628472213
0.7766479085077125
0.767904907688359
0.7607616481883428
0.7566236818538344
0.7631106398964423
0.7634395710082699
0.755320105356639
0.7469099041375498
0.7392539535669889
0.7409881225879317
0.7374177312648036
0.7373517334959885
0.7413054882050686
0.7511327854378604
0.7676927728215905
0.7752702370232697
0.7758259623985236
0.7699562659392737
0.7628110248467482
0.7617266185060422
0.7652102962034707
0.7654812614728373
0.7660645430771618
0.7647232278042462
0.7641747563396426
0.757075663755635
0.7516204714964673
0.7510036751288899
0.7532721083891598
0.7560151341936734
0.7528469366729307
0.7507747622169345
0.7477124667312081
0.7460150190201901
0.7412072474730269
0.7325558702266239
0.726443470788732
0.7275274455503908
0.7338699986299065
0.7498041110404575
0.7570683783757088
0.7583291671276321
0.7654769016218872
0.7740706717249459
0.7767149339686013
0.7733525415269143
0.7727976514762301
0.7728441440470954
0.771122451459799
0.7670306095774898
0.7642722417910814
0.7655342596148791
0.7638601731143986
0.7593803491039881
0.7542599358765539
0.7497987574680097
0.7474540970112225
0.7489291457356628
0.7486079981809771
0.7434333491855238
0.7350393292861805
0.7318100889648298
0.7316020731120316
0.7236842048372973
0.716401710369202
0.7131195853849756
0.712985260940125
0.7092734872380958
0.7033386961154378
0.6992504563250143
0.6971066632595273
0.695369330643861
0.6922806550893732
0.6882124549649125
0.6871096960084483
0.684874263961023
0.6822768596630944
0.6817757278039651
0.6746533210860176
0.6663267374842522
0.6661374639990478
0.6637012034290007
0.6590540629968781
0.6554348359688325
0.6542638666199148
0.6541408846783456
0.6539876704028725
0.6514676423991466
0.6515263390861911
0.6557746745299388
0.6589707217969579
0.6616550679847442
0.6632723262549415
0.6676515268602603
0.6711673817126478
0.6731187307999251
0.6760198881015791
0.6782903313453243
0.6773808362834889
0.6848422789016583
0.7000645200165441
0.7048864232361725
0.7051137944913883
0.7091562833527837
0.7145055105001096
0.7138992585550522
0.7061317818243413
0.7017043883940057
0.7058172715606611
0.7152247043128492
0.7201079204357648
0.7295163145090924
0.7398848913542749
0.744567282401117
0.7416145283849025
0.7368145712001479
0.7341377834621026
0.7304474471081132
0.7295567710415088
0.7305734255950458
0.722391031858989
0.7134577710145483
0.7097065302265064
0.7071641877599473
0.7136144141533812
0.7213607710863525
0.7293406671731506
0.7373794017436099
0.7400162932085591
0.7336112004584809
0.7235411091052353
0.7158928112071374
0.7034386734078002
0.6819150803967947
0.6744577167706367
0.6725592622258098
0.6760185508376418
0.6779255029402784
0.6818376855615773
0.6807502471972817
0.6767633776976383
0.686332291957969
0.6931033327051639
0.7023893854651458
0.7114962742459973
0.7088195690630709
0.7018243039442402
0.7005551749026796
0.705768990347435
0.7155098670014333
0.7241177568181951
0.7247345221980211
0.726187074710263
0.7300187237946077
0.7372688865521454
0.7376307027406424
0.7379610986193076
0.7401146373945172
0.7454586853878654
0.7474852295080379
0.7529494241312329
0.758799468963406
0.7570296424481926
0.7566356669364778
0.7537413343791088
0.7575289183938568
0.7591046752310248
0.7571477809517073
0.7525512194456363
0.7477295028653131
0.7421042169560751
0.7403611930114201
0.7424240148923795
0.7444901446032403
0.7503735491827117
0.7568878749400759
0.7638775251192547
0.7715140318804826
0.771038967489503
0.7705647043689446
0.777573074330749
0.7848444559517508
0.787508213165016
0.788584153919445
0.7879221256364077
0.788621266777322
0.788274607523092
0.7861588557276866
0.7897516105471312
0.7953730512830213
0.8029384090836079
0.8085052359803656
0.8081560363372516
0.8097863750779534
0.808527991938073
0.8016242484431411
0.8061240088789929
0.8073249782605197
0.8045954459088702
0.809983182916206
0.8121841290951639
0.8085250579664633
0.8072355292415782
0.8104793992117549
0.8118772554782334
0.8155605489180133
0.8172491271586356
0.813152156236564
0.8163681219236977
0.8178009768507772
0.8164775042442012
0.8097401037186923
0.8025198956630819
0.8025621339002459
0.798932943018266
0.7961758283344886
0.7923389383839072
0.7818845101526923
0.7769147514689821
0.77551820198766
0.7719534484029157
0.7708055922504735
0.7709094691956279
0.7689964836199716
0.7641872446488772
0.7585987902033535
0.747879919986917
0.7308808960834335
0.7163470092395023
0.7062895577429595
0.6947300608430215
0.6890219119701194
0.6848795506149358
0.6786302729967606
0.6728259195434132
0.6670171685853924
0.6668298867412237
0.6664545418388258
0.6601992659477504
0.6451317824048329
0.6112016073886252
0.5542583337287348
0.4484567664775751
0.41880008918361544
0.4010264450264138
0.39839271646826946
0.39786194331705405
0.40288955540328836
0.42057453186696603
0.46657735201854994
0.4021064553359831
0.2831389189481152
0.01563914908552499
0.004953121648794291
0.05473218751614658
0.13984782264116696
0.1738042190613544
0.173322362611639
0.18723559832739423
0.22484512730470899
0.30719655987764793
0.41785783296232953
0.5132263651544334
0.5945075866329342
0.603860477527371
0.6041221729085233
0.5977339229399126
0.5992941547463365
0.5965557028335734
0.6029648756438385
0.6200965943939806
0.6610400175874236
0.6955325564396931
0.7234476179853677
0.7217175986900551
0.7118615613206615
0.6991602200359688
0.695752558265293
0.6972088878414953
0.6958738300913488
0.694495265401837
0.6955609180877734
0.6997512202281366
0.7032561621307618
0.7018862300283895
0.6985227919749522
0.7010775405053418
0.7043072410974002
0.7056132403952221
0.705549379096596
0.7038050355872523
0.6974553898335132
0.6831778448405326
0.676423404872762
0.6754445063118701
0.6746040889706848
0.6776311489235742
0.6813795451722346
0.6815003151159412
0.6762699205748813
0.6717603874978323
0.6673123391312934
0.6612341663074638
0.6556184594969116
0.6533945034440046
0.6586430307414933
0.6699960999737201
0.6767347469409243
0.6804448575374136
0.6869992774959258
0.6973819057773497
0.7069815719349728
0.7187519370158044
0.7375194785627639
0.750605184763587
0.7602134876421842
0.7714126546924809
0.7831728958130225
0.7954053177538463
0.8071492708900796
0.8241151193498055
0.843831379448071
0.8658094588383886
0.8821498143110514
0.8871993666585051
0.8886850401800525
0.8886623990705963
0.8829481605288687
0.8773744598657444
0.8696391960855755
0.8557129002863126
0.8385061070742513
0.8202052542988888
0.8168511525139024
0.8129861728658825
0.8067969725861432
0.7796114489154022
0.7591854101839315
0.741907050753699
0.7240749175316467
0.7132730170758076
0.7003322181540006
0.6863895221427497
0.6750912244918055
0.6785993377956663
0.6847881350469512
0.6854498454388638
0.6825730975723546
0.6900422747921929
0.6965777073784294
0.7000697406199605
0.6975758221644871
0.7084182188729339
0.7278742531746188
0.7345057479277851
0.7410086420367388
0.7457781568106063
0.7713255829597387
0.7791744416064469
0.7724423095120402
0.774531798564313
0.7721976698705594
0.7786092441012772
0.7792088229233555
0.772038414973116
0.7548290887773569
0.743122237430951
0.7454176775039705
0.7504553440218709
0.7412185313009831
0.7278662088351459
0.7288493984065351
0.7354883800780138
0.7343310572990569
0.7264474036720817
0.7192145942362655
0.7132629860476496
0.7073675782947736
0.7040378628578482
0.7136428493347418
0.733541787943879
0.7445349004002239
0.7532589838248673
0.7601447349774452
0.7700224697432932
0.7819717531183494
0.7898344617253886
0.7907540048852753
0.7841019958039299
0.7763420383052154
0.7784728433198653
0.7867612567217955
0.7871967158164273
0.7786210880090694
0.7614439958263884
0.736040283386727
0.6883892123709503
0.5993917144696252
0.5820849056976881
0.5791780511350636
0.5743853156548174
0.5689207952599331
0.5736101008265552
0.571409027043969
0.5569148138657046
0.5475223837726332
0.5385049939554576
0.5307250966036725
0.52761900112243
0.5281859372704961
0.5244342963395553
0.5108280704631234
0.5087508332245922
0.5238911096968539
0.5875999951502866
0.6585543127815153
0.7191737087957255
0.7713907146237776
0.8029337263594151
0.8147284580882925
0.8192548554397399
0.818387738792395
0.8129069046577749
0.8103281683521
0.8047380763289815
0.7953915744129543
0.7868161159831921
0.7847160999361187
0.8004172543747883
0.8075147118776821
0.8015683123472385
0.796223504002245
0.7984131746831561
0.7910046488222707
0.7822821191021144
0.7701603468208148
0.7708254116495824
0.7675499010113723
0.7566563263206116
0.755048848397711
0.7471306417945722
0.7407541116203175
0.7379001362158887
0.7352397530996786
0.7175690764956696
0.709870969938893
0.712683296428199
0.7141645726830721
0.7083356730215938
0.6906057122339776
0.6548493702286092
0.629895152332373
0.575644002261563
0.4746377377790314
0.272553213542187
0.23930899700489858
0.2350722188237989
0.21693542456087528
0.2040358237264546
0.198101432397041
0.18531045679897243
0.16009448888905645
-0.026178570096473622
-0.537711878754297
-0.6090503566495652
-0.47830721827638156
-0.39580167568209057
-0.4105147832120101
-0.5346893175273933
-1.7490250341462064
-11.502461039950846
-4.945613661216731
-1.818432395581408
-0.9378897840268372
-0.29665660447246056
0.14435089303737478
-0.18476416183504807
-1.5606492928654911
9.605175546334092
2.380198390870165
1.6739864291036963
1.4084488182698947
1.2652815246951639
1.2178473522178392
1.181032436721416
1.1008655427968852
1.0582421146493193
1.0227430131908601
0.987140570191648
0.9621804743319572
0.9543578282983456
0.9489290242136894
0.9506588281854392
0.9566331837522002
0.9668118790246285
0.976504970579835
0.9772980349124213
0.9816984340266623
0.9792766878220891
0.9783636619963124
1.003835121525524
1.0331691588403944
1.0716968127273359
1.130671274268009
1.2327273943717834
1.3956879444618921
1.6751206891738182
2.4780134341252933
-14.331174420230663
-0.5216538351574258
0.10052973711963323
0.2993704992362065
0.43648807542277895
0.5326620597187133
0.602897418852613
0.6343418165299561
0.6618013981522336
0.6749274720580889
0.6869920877586976
0.7013450210879395
0.7080332484834027
0.7081324590285388
0.700297330267073
0.6959276003928194
0.6843323682680336
0.6632268553090879
0.6272011482962179
0.5584800313644549
0.4485675202763444
0.25891271162903834
-0.18730396442168115
-4.059506375039416
2.556108444862656
1.7678858739027912
1.5290550991498122
1.521862477134155
1.5531842293353533
1.6272548732302066
1.6895310725886723
1.7369251146424807
1.7207389762040954
1.6985608187072543
1.8458775116727728
2.694453654525914
12.609744761882709
-2.396776554880517
-1.5786530774723289
-1.5243116827116414
-1.8737139763227042
-2.186407974626816
-2.1436169043910613
-2.065824236338952
-1.8793379040441116
-1.9124882086510184
-2.0665138790401154
-2.385611297615031
-6.228645637461567
6.283462106858902
2.650214199962657
1.888514169912129
1.5563026584735389
1.4032500500509115
1.2982557691135146
1.2318228648856588
1.1772527305328524
1.136471588413454
1.098347162758646
1.09116817673725
1.0852298026312095
1.0957377279301554
1.1034652860648788
1.1059788884373154
1.1053295052288903
1.1023497437981764
1.0968680592756224
1.0948143710002958
1.0900278180290974
1.0833445239297392
1.0818650675715542
1.076739881942722
1.07182276880219
1.0645249150102156
1.061282603507656
1.0617502353060355
1.0569082656183102
1.0586624429809721
1.0631476728560008
1.0668049133619768
1.0701245485164586
1.0703098839847092
1.0716093237449835
1.0753225916905822
1.0717551398349072
1.0808340783988146
1.0827926883916807
1.079087112371999
1.0765713829462358
1.0852778419327054
1.090525836050366
1.0997477031916087
1.1162149347460326
1.1375202031103897
1.1523638133751684
1.1926641335067132
1.2400021905288394
1.3106777083637955
1.408932756935223
1.5724179207720435
1.934188095872497
2.955208716159189
4242.41329135875
-1.6046147874343923
-0.5608799467782702
-0.12579026431172186
0.051139936570742214
0.11886406608996479
0.16957784765591055
0.21372426560833285
0.2585271512673707
0.29153050920593804
0.3026286227233895
0.33828391150548687
0.3801480960334962
0.39656611071216474
0.4227476582328138
0.4388990297367409
0.44940041977411965
0.46002094111644243
0.4716494988025101
0.48188047613308604
0.493599518164582
0.5241240858905114
0.5639507837549892
0.5816216915133847
0.5874275629561911
0.5912693684184573
0.6211167756479512
0.6449814298936045
0.6618336131403666
0.6725200809150026
0.6878943461903966
0.7083251203650358
0.7043364897071297
0.7005580021574853
0.7139296191783968
0.7029965069359153
0.7019981466245993
0.7031590345901143
0.7133799445527085
0.7197274759768112
0.7230273841507769
0.7267565941741396
0.7186830178569272
0.7254795906019303
0.7612155772971351
0.7787953168755151
0.7795435816081656
0.769912524646041
0.7698516441386137
0.7786416304968945
0.7975982186905854
0.8143200972994098
0.8324686137266873
0.830169551046976
0.8336139122433962
0.8365170840467504
0.8561985514434405
0.8573383701992225
0.8510617536423969
0.8403810668116181
0.8379284397703832
0.8524385975633753
0.8677327505561596
0.8784155454166432
0.8823469669601626
0.8753844568863806
0.8888604552370448
0.9007844137962437
0.9154196275238885
0.9103208620206297
0.8954810817541066
0.8774953118825474
0.8616178324215098
0.8271040310816555
0.7950502396827345
0.7647171341078908
0.74220773917881
0.7285204244649339
0.7205120924199371
0.7234150242285385
0.7411745954560243
0.7388340359031116
0.7274511260783915
0.7146344386713465
0.7042275287895484
0.6987979925729682
0.6919013644670712
0.6825388609453434
0.6771170131028493
0.6754065208956641
0.6858312173487016
0.6962988514663162
0.7007857161878083
0.7062011806357265
0.7200568005109579
0.7333456641614631
0.7477951663762247
0.7625666481395175
0.7695665833144021
0.7694963927119611
0.7669361303769118
0.7518233480768872
0.7480196184270306
0.746015582697596
0.7483049519899972
0.7529987162375124
0.7567944390751594
0.7650194189401717
0.7791024475501691
0.7895997524126945
0.7943670592631265
0.7849290468183296
0.7762565642524938
0.771349836101375
0.7712301635225514
0.7695435057426452
0.7673855571209928
0.760781845926543
0.741603313796917
0.7221554955064786
0.703187046120772
0.6838486494261449
0.662974061463761
0.6388518771118918
0.6142875621616024
0.5749092515868283
0.5031914720651786
0.38096133536410665
0.1491570396948691
-0.3586688659381288
-2.1656300900726015
13.006169537583387
2.880289053159127
1.9631384165726617
1.767409777113004
1.673714765098464
1.5859544774077676
1.4931685730578192
1.4028628263953007
1.403517315514334
1.5696267560718653
1.9177016929068922
3.165682050980447
160.64570537554513
-1.6034508601226294
-0.3534035897096975
0.09226370574538376
0.313251909274892
0.44110920469862586
0.5362920899762219
0.6079391440363309
0.6605384369184079
0.6916489011501586
0.7087750942361727
0.728152944727348
0.7368804590630794
0.7268997813746231
0.7129733753491768
0.7051834947347168
0.6992089071523714
0.7040906676939636
0.7070197137044146
0.705618492059654
0.709169536473012
0.713271752030466
0.7157370206051565
0.7097904159998671
0.704097232956724
0.7026997472365345
0.7046378060266857
0.70110337307544
0.6946509828659088
0.6942627396472693
0.6959173614753329
0.6961653634887252
0.6884030602467068
0.6829625499206026
0.6818417094113783
0.6817893707593266
0.680182869753232
0.6831739671776471
0.6906832141365716
0.6999368089556232
0.7148545879521019
0.7237827845967492
0.7315562837963391
0.7361890530113459
0.7401002352775324
0.7391407142727204
0.7374634072969611
0.738086004252575
0.7390289398475093
0.7431002349609229
0.7474236194243139
0.7575904996679235
0.7714039384111444
0.7891718288479631
0.8154918404999743
0.8469786580456129
0.8779218621978907
0.8984559972246331
0.9171655253334837
0.9322285958997213
0.9381599786529549
0.9352130064636908
0.9468161529527679
0.9615748573065459
0.9692090363873533
0.9642273378014132
0.9625943250088764
0.9617420134055256
0.9585274718111811
0.9515845333099117
0.9396087958185031
0.9241478926482707
0.915857301298343
0.9109237238919317
0.906532349035315
0.8990422780410069
0.883571326735505
0.8638199285118764
0.8406101756915831
0.8168031528642192
0.8000003066585597
0.7756922406221446
0.7515589870494443
0.7273335713374907
0.7081828402978367
0.6974921696335283
0.7004041540486372
0.7012942102973405
0.706228880124596
0.7055529579001864
0.7141568753827157
0.7334347399028684
0.744193137732021
0.7447958227461147
0.7392500607564911
0.7322051930967015
0.7242211482242958
0.7260654612166153
0.7263420348979421
0.7251366898035627
0.7242187213180358
0.7289833842210509
0.7477826486935502
0.7770171944244476
0.8034807197851521
0.8161717825627407
0.8198166480430281
0.8244480744301582
0.8421604902551624
0.8494533594537641
0.853818509256219
0.8532824885684869
0.842493359630203
0.8347180536994999
0.8405784115465141
0.850466032900846
0.8588554518028416
0.8692417615625031
0.8652700365824287
0.876868379831128
0.8826826083244805
0.8822666893450201
0.8755069738659376
0.8719077425032267
0.8636979263904456
0.8501046146456073
0.8476134812179926
0.8494049713804476
0.8403974398906688
0.8178717434965587
0.7868126299047994
0.7683525101991179
0.7535330863476032
0.7517507248118861
0.749112935041313
0.7358860876011484
0.7269839009454518
0.736280712145179
0.7434400351023974
0.7464478481231753
0.7471830596231894
0.7604879220667756
0.7776320881481874
0.7988410954230326
0.8190351484890239
0.83585869587586
0.8515599984028065
0.8655417578044793
0.868003448616221
0.8690626936485025
0.86777274156201
0.884159309979026
0.888089377003521
0.8915789275425853
0.8870283793321906
0.8902480634252793
0.8960351202331668
0.9023539882248278
0.9025269534869412
0.8953809923427556
0.8857788478730122
0.8773198425263846
0.8778589343552253
0.8729001269268152
0.8537617876933743
0.8388872070369466
0.8323444847257517
0.8318653722323642
0.8217693240493772
0.821154271001725
0.8237085694147811
0.8155483197668802
0.7897157310945612
0.7652831401855723
0.7451839284264178
0.7229698620217677
0.7176658574062392
0.722783871534398
0.7230686670654287
0.7182070413868491
0.7151519073956597
0.7150924619043976
0.7098181957891793
0.7115137151718327
0.7251169903429353
0.736400284106768
0.7419463106735126
0.7485823427441843
0.7552679995129079
0.7638635479322643
0.7704454093032954
0.7762545016343159
0.7844283409254763
0.7847777217846633
0.7863064761473911
0.7910178279565017
0.7993100582520333
0.7992234690857118
0.7935348247602166
0.7838120525358117
0.776239404035385
0.780211383544552
0.7795737509805716
0.7816035474623848
0.7761341453108609
0.7664374971018357
0.7599956717270423
0.7529977461464137
0.7442531105325061
0.7315759152480393
0.7149175813854499
0.6945937312075406
0.6827303414031022
0.6750382475749597
0.6808429731792232
0.6823429909530233
0.6795503040503518
0.6756671505870886
0.6725413489777479
0.6777304700339764
0.6871624645959561
0.6878173965585723
0.6767210708247201
0.6708720885545485
0.6654627849471655
0.6626150266630222
0.6553978551420064
0.6484310402724343
0.6429827514218316
0.6376698096365438
0.6358635707611423
0.6278089728734894
0.6216426051958582
0.6132105797274492
0.6036078441347514
0.5979891274654506
0.5997242441058659
0.5994892995363882
0.5909978987637086
0.5791054230868034
0.5670748068668895
0.5680894516807986
0.5773006958532225
0.589028173558982
0.600092245650601
0.6009226782487963
0.5977352790666949
0.6066265333435946
0.6218653393199561
0.6309385251400156
0.6350162880183524
0.6446304757388227
0.6700710848346106
0.6955149318202701
0.710385337862611
0.7290439983183005
0.7498040305732476
0.7729379115451702
0.7955475133286153
0.8324948016580789
0.8812323006757207
0.9091875452127793
0.9046358669582634
0.8797492891792048
0.8586292026156572
0.8478695596016967
0.8597342704110973
0.8656884095984768
0.8615378318638757
0.8600215072746599
0.8724978060805058
0.9021036785466497
0.9292554243909319
0.9381729613886756
0.9431028151124461
0.9581184148370081
0.9619677586158486
0.9515247683362563
0.9444858621881335
0.943667300400603
0.934213144872195
0.9144944618372736
0.8987415749117544
0.9011353237463541
0.9161860610805512
0.901768304365301
0.8655926550148798
0.8017469097262875
0.7682673245902509
0.736438912542406
0.7053949691296324
0.6781980066722239
0.6591877608552894
0.6481315767560688
0.638874552502875
0.625114187010589
0.6045718775056056
0.5836345634743323
0.5748553260999936
0.5635817315722175
0.5539423377741265
0.5479105045778047
0.5431839603058466
0.540437333161009
0.5363824323927483
0.5262824331126952
0.5166520181056554
0.5208278161237371
0.5392322795255345
0.5504113494516525
0.5623940378835887
0.5744200117115835
0.5859666760597793
0.5889959408097359
0.5723758167855303
0.5636827296082978
0.557663222803942
0.5701157751654121
0.595691276858966
0.6132734670411674
0.6190513544662342
0.6178935513160467
0.613833936622017
0.6067378157313325
0.6022347185164006
0.5889357678569289
0.5882286970756984
0.6056207490430474
0.6134294234260703
0.6207665993108392
0.6260927885564493
0.6254602962742357
0.614200879327542
0.6023304523207909
0.5946802057713755
0.6024652669335339
0.6073492300978456
0.618045331582456
0.615592474009415
0.6063019217407929
0.5868221747024223
0.5823062175819417
0.5840695000929089
0.5956831112241726
0.6123079224672473
0.622487804284909
0.6304344620713365
0.622765654751375
0.6146037610825548
0.6149462209450696
0.6114723698421175
0.600020638895498
0.5926784107946425
0.5944835381204426
0.5952312364447329
0.5998918644657265
0.6009935363115995
0.595510506936283
0.5879498050635246
0.5904474664909027
0.5955778751236313
0.5986063881330548
0.5962404043355966
0.5896973470495462
0.5678492910681988
0.5440593554828246
0.5296974111181267
0.5424157448051715
0.5770002627941372
0.5914989225906928
0.5983909186713898
0.6184265193082512
0.6487185492035246
0.6823076055881674
0.7195322152135604
0.7653759918104478
0.7919499913924875
0.8122349959440426
0.8510607636868185
0.8880021858674995
0.9114411951297713
0.9185873927580811
0.9438226708942962
0.9528517596254155
0.9590203965774662
0.9726868781174343
0.9923044162188689
1.0141141041877721
1.0036549223366276
0.9903641844184936
1.0090951518881093
1.0268324847773302
1.0068151478753269
0.988358529122001
0.9715597762391156
0.9313675239316941
0.8577753448654483
0.8102061225160864
0.7876946573673251
0.7671923629668982
0.7481149497649902
0.738043163552774
0.7381985329380121
0.7227429423207286
0.725276123505066
0.727530749075642
0.7300140497726667
0.7258255114967533
0.7062971484793977
0.6705224335318448
0.6416532649222844
0.6009475600200112
0.5692729945331197
0.5521870513479773
0.542855437177538
0.5413346381818317
0.5419907830068809
0.5495284639778767
0.556852391862695
0.5611330913749651
0.5627597835211156
0.5647915354633246
0.5627304113950898
0.5594421290090082
0.5754930290803554
0.5931375179220628
0.6120168514637997
0.6218113160970861
0.6395676721066416
0.6683326634030723
0.717343224536087
0.7754762574000191
0.8390169465612334
0.8941712233652311
0.9596459601520309
0.9944194004503738
0.9685392065174011
0.9311168225970221
0.9247183847538389
0.8970812000195282
0.8579507771238606
0.8263447036638519
0.7997550526655218
0.7641509427571047
0.7339509035713404
0.6999687533084423
0.6671090348769003
0.6340661154703984
0.6159881805159667
0.5928191408621204
0.5704695288716324
0.5463161477118036
0.5211736629337435
0.5038607124617841
0.48989097897820383
0.4802825340140111
0.4824223579619622
0.4950777755532275
0.507278683003168
0.49957957058928365
0.48613032775861054
0.48692901490450313
0.49799296704686824
0.5120227792606473
0.5334785012158373
0.5462332050921289
0.5415577890277917
0.5406557734043775
0.5586347652440421
0.5833333710853406
0.6056749724802676
0.630876981924378
0.6617021368549939
0.683753258987912
0.7159539497737589
0.7585146895789169
0.783296435274102
0.7817852696739093
0.7612082832445934
0.7556437691982547
0.7857127155251149
0.8338922836359967
0.8563456124254099
0.8491369483596723
0.8439454064010284
0.8630500714493954
0.8779442912699511
0.8947642874246561
0.8735716631978753
0.859455587995724
0.8429052179776031
0.8340530019475619
0.8150175995016319
0.7888750236425753
0.7634965089353379
0.744152163571692
0.719909320477019
0.711227752510635
0.7406312763848405
0.7826225831791456
0.8202716200564835
0.8287695326902283
0.8226904374798816
0.8139318024393716
0.8221611974035542
0.8315759255667374
0.8225949016992532
0.8333038952327049
0.868928021177766
0.9195595640381387
0.9003941072784808
0.8358560409234286
0.7459701048662781
0.6815723148009374
0.6498926950949439
0.6583014385973336
0.6697481747917675
0.6917813416067786
0.7057168054960814
0.6948345241815458
0.6954019373813998
0.6841545469813756
0.6762567124825226
0.6742301607331088
0.6981243557442048
0.6960894935008687
0.6702303486276183
0.6478539886702889
0.6411711746165173
0.642471884111458
0.6271174065587631
0.6328406482184662
0.6643273243311149
0.7192300316508433
0.7734999180016082
0.8006177477237532
0.8250917356695697
0.825125937969127
0.7807757693750359
0.7370679969052127
0.7152260548062823
0.6926133324922442
0.6924833101181646
0.6959766838511124
0.6801117921883675
0.6220077044823
0.5679060789050073
0.5432339834050333
0.5369813657597923
0.520714435147296
0.5041051520890611
0.4980494728073371
0.5061147678335303
0.5116499995016706
0.5162159949993137
0.537107422075307
0.568625433174754
0.563099192348927
0.5517436910950336
0.575259812206858
0.598007927276615
0.5921653567031238
0.5775254641066578
0.5624690327529083
0.5497131779911983
0.5477149468552169
0.5605595582495113
0.583726561851102
0.6069785435562558
0.6122266384047127
0.6078667589625896
0.6069628636667511
0.6210312026679307
0.6221139808271505
0.6086672671470998
0.5935129290927877
0.573723043429311
0.5527594530046241
0.5377417644031847
0.5309758621160829
0.5087633455545709
0.48834446412846894
0.4954721535352923
0.5153812254446393
0.5385572564231513
0.562782863480863
0.590520039173632
0.6162907181877112
0.6341373824137657
0.651522856044909
0.6830684314430462
0.7374553761689734
0.7763396298942736
0.7765200169547659
0.7820948496780663
0.8317142603567064
0.8979269025199936
0.9715593025213549
1.0835607105401923
1.2155826302754646
1.2876778007534584
1.3172672063242439
1.3393621276843222
1.3301024834267954
1.2976463164755523
1.2483476610953461
1.2128427085573021
1.201672161640346
1.2056513827585689
1.1576811815269383
1.017556325533045
0.8823966732662784
0.7696159955600305
0.7041682451147836
0.6946297871907675
0.6926417645812496
0.6682312934153266
0.6297296591383005
0.605566764111132
0.5765293378195174
0.5449603587374419
0.5438178534628519
0.5577078190982993
0.5743624315626057
0.5772115668471186
0.5701764482189836
0.561764100252986
0.5517454605700958
0.5553690582406572
0.5392129919678431
0.5458435312648743
0.6054127049312185
0.6800807025087876
0.783511950254839
0.8774611385954073
0.9263421029950115
0.9607939046749939
0.9809135990514618
1.0266797481633034
1.033211303922295
1.0069671120771875
0.9819838253676608
0.9039481946289436
0.8621224252023112
0.8433084335993934
0.8352025138578044
0.8425981118215892
0.8414918452446705
0.8697250840822088
0.8656933817943658
0.8698073979010361
0.9122181674183439
0.9485371816967888
0.9470753037073143
0.9149700589018549
0.8755996609394399
0.8370014322565504
0.8014219049125532
0.8166126963322784
0.7908493570535728
0.7430821689919745
0.6967125938388292
0.6714164260253946
0.6974138452093022
0.7197241690608347
0.7227753394575711
0.7245205573914116
0.7241234341145868
0.7210369440824091
0.7024235842366487
0.6647829428466189
0.6120295291346904
0.5605475036248531
0.5367850693228341
0.537556216521514
0.5311442824910868
0.5348754450471536
0.5418920850984528
0.5408593814213414
0.5239648474797409
0.5265950208887237
0.5416053976944952
0.5602219075673545
0.5893955884625786
0.5932384613917814
0.5968514933605915
0.5991810707070376
0.6047902640729602
0.60723365916945
0.6249441261068011
0.6419118044997284
0.6594616912775416
0.6875483116669056
0.7158321809249223
0.7259499359015528
0.7413717167147298
0.7888972050608696
0.8267740183557439
0.8859468820355897
0.9566090229641696
1.0066628134784226

