
0.13132347913481016
0.13773508871860007
0.13800528080523042
0.13120659493107117
0.12910190585271838
0.14523308601787868
0.1696091597148416
0.169213859772609
0.16105234783460265
0.16075660471354536
0.16261601883426408
0.16741050934015292
0.19287871436417642
0.2338702724726756
0.28830206103942535
0.33557143297372477
0.36827874936555427
0.37676855649581287
0.38487170075924126
0.3961277605454516
0.4010821395685226
0.3918832432890773
0.38722724902185657
0.3854377685560445
0.38866903315501183
0.3920922358359219
0.38545139797276445
0.37498063354400535
0.36779971415633955
0.36250243783599434
0.35886230072036435
0.3624561415840418
0.36403456345756235
0.35093859574286024
0.32329308779620675
0.27747714921240474
0.21741306227247925
0.16325154087610708
0.1405681827076779
0.11686228282410809
0.09671067490616085
0.09032054959724421
0.1017579671484692
0.10446304312678853
0.1027654035437849
0.10343067939293193
0.1129067438441201
0.12391762399462779
0.12539320193260373
0.12582964252703344
0.13612279781148112
0.1480736147793752
0.1484463627790872
0.1515959680922811
0.15247515828798947
0.14649487711951095
0.14180544747454288
0.15188195372861188
0.1741727596559216
0.19844534110383377
0.2267885190678421
0.23920920744938964
0.23783637534894086
0.23649357393009798
0.23562186573132485
0.23770778214216343
0.23829832041319857
0.23501462059222816
0.2333454477538203
0.22632747668428943
0.22238992873681515
0.22297554511969106
0.22228671248571025
0.21973152200966511
0.21408079281870662
0.21508578164947653
0.21769383113732077
0.21790682791079197
0.21006325750212024
0.19484938200410998
0.17738388641149852
0.14756261555699549
0.12580952574597287
0.12229870043192148
0.11933404723301537
0.11515991644959897
0.12280370809971168
0.12877858603115067
0.1348967827417885
0.14716259612351965
0.18394140058311964
0.22538791549994144
0.2524791068386036
0.2662754613287039
0.27668495767490503
0.27579558360806083
0.27191246723871304
0.2758872995092006
0.277881097825115
0.2794835985809202
0.2812235911453683
0.2845821015045693
0.2915498057647462
0.29494798772252423
0.29169014581245534
0.292256024338671
0.2940963962403009
0.2825601109872043
0.2663422427200861
0.2546180882492466
0.23946237812908275
0.20998596945654457
0.16680508166480318
0.12908690833119954
0.11135935271851517
0.10375489122098316
0.10639171624487372
0.10765453825845775
0.09767055232538199
0.08174807503833105
0.06391512820689506
0.044567480348849484
0.036878768256432375
0.029104422056743063
0.0068969011384136525
-0.001597012386860988
-0.00986392022483966
-0.026756577143561604
-0.028943275997011898
-0.017322478685791332
-0.012458965715792485
-0.006808203771484609
-0.009183794096955272
-0.013360890191148323
-0.020270870739537195
-0.02529269556854813
-0.03543078375652444
-0.03711371480174068
-0.010549509994015174
0.030574702888607804
0.06505006397475822
0.10162281622459629
0.14828406220534077
0.16851175407777155
0.17934804931614762
0.19521049287638445
0.19967156798457483
0.2064775567742443
0.2165128166503117
0.22292125327709988
0.22640123087966613
0.221413408572529
0.21269820739009812
0.21922867757993883
0.251221118498622
0.2896129991778686
0.3219622476438424
0.3505319910647729
0.37472346345463536
0.3819214407650595
0.38769072763180407
0.39351300688009955
0.3932773611874082
0.3865183752572538
0.3846734358005664
0.38689918346348035
0.3868171189571791
0.3815095030840099
0.37682137871573995
0.37794353223171445
0.38083023599056076
0.38716537479642904
0.393882930590402
0.3983616765961314
0.3996693349218996
0.38057772292843145
0.3427923295018481
0.30383765122465894
0.2712486571803729
0.2396206337174385
0.22665183816299167
0.22491620729445813
0.22781994913845083
0.23606221015235582
0.25200831500386367
0.2664487169783241
0.2822256357245059
0.3021599268802058
0.32556944945785277
0.33578291318796455
0.3364442151259615
0.33155257152412154
0.325161933862269
0.32571728774573294
0.33159587380389205
0.3341997642291678
0.33505816397377236
0.33361894870120784
0.32608245905869304
0.31515109973703764
0.3054766264138644
0.2994344925963262
0.2881763713684849
0.27202186310468246
0.25169408683773525
0.2302590039083682
0.21451368286313063
0.19446015624831917
0.16751710507999326
0.14523634990104065
0.13374832949452042
0.13032283798429847
0.128909884609636
0.12402998341303337
0.11168561273016253
0.08830897014478646
0.054344805109226596
0.030657526208096093
0.03339978165661755
0.04913804076648559
0.06078213128263949
0.07287104718255798
0.06750530625710048
0.05616840770590033
0.050616018485625094
0.04138976536368527
0.027264284128044085
0.010717070896489994
0.010642964275652431
0.013781829849995465
0.0031029181900180825
0.006472763990522606
0.02608820716809809
0.05227909316687912
0.07952332062520855
0.10498854005589589
0.12546234239260887
0.14893404667403617
0.15297461122566186
0.14366608220147173
0.13382513587029393
0.1319650317805292
0.14020664044640974
0.15283193636395906
0.16482419926681652
0.1768519215329654
0.19571273098796055
0.20864681358691323
0.2145133321689882
0.20843266714164319
0.20385120161626946
0.20132475717379247
0.1924037431253471
0.18009059779134923
0.1685934967206698
0.16000575530151537
0.15444618023170628
0.15525474167284656
0.15462391232704467
0.15054953014324152
0.1508824253006776
0.1484681631949414
0.14623589369804274
0.14414392932213288
0.14193283414164998
0.13249388535119913
0.11263195242038405
0.08093435581583862
0.054254655031919605
0.03752656880049858
0.0387293288012692
0.05089175750910779
0.06842210404907725
0.08666462887412059
0.08986822054197796
0.07748229134167448
0.06557021906409474
0.0479713000153083
0.026238451958076343
0.008715285221575171
0.008162727192211856
0.0132076329645717
0.03071550030329582
0.039436065763539384
0.028172581712268115
0.01120324393559724
-5.3878107875986025e-05
-0.00634865035172352
-0.0027641543090467144
0.009944527006010354
0.018689667460099674
0.016961364083133614
0.01718388974270689
0.022917436559347207
0.02365590449825663
0.027692490858982954
0.03941144183067345
0.04230306662105311
0.0373627247862297
0.036518848270965104
0.03344019545992407
0.0352942756768802
0.0350707994826284
0.024447532436474642
0.01484808683009348
0.017389535188676752
0.02538195301725636
0.02743344396006273
0.02195782881283629
0.011627660937235532
-0.0002070992139707003
-0.003459423196638962
0.00456423324411633
0.006048934456715323
-0.002980961868724311
-0.01064943662909189
-0.009539652110173033
-0.008271568777914807
-0.0074534345569724665
0.004962802128862918
0.013148904768459157
0.04099755997709994
0.06882338960247751
0.08885863633787491
0.11172019856337935
0.13586344180745183
0.16188507745282918
0.18110221919423164
0.19478021358726283
0.2043029795439432
0.20631711597507366
0.20703476445381383
0.20474385132952724
0.19542709640185166
0.18672831509836552
0.17957933078853172
0.17632810547987957
0.1711245939010452
0.16544948823839759
0.16654921520253552
0.16008979098095988
0.14688486557509037
0.1276631297868025
0.10951311819777108
0.09001092444627493
0.0690188829806835
0.050317783901830594
0.03721596763386378
0.030587711389865137
0.03017858840243882
0.0324276595887193
0.033362364626424446
0.02597715151055363
0.022252255632798486
0.028949948138160635
0.03467059056782259
0.05008207161545822
0.06414880267831786
0.06743048025394681
0.06978724199617004
0.06052498010135576
0.06908297884993612
0.08877313702121976
0.10334940140029734
0.1106867454180652
0.11900915648012605
0.12613980322248727
0.1242980666112358
0.10282796355358842
0.08644344728360456
0.08052633009106724
0.09109596779319754
0.10816887535363102
0.12073580587670665
0.12356942347288186
0.1160461050030373
0.11409609146851113
0.10800951804228973
0.09956513847033928
0.09942448039151526
0.09635562379250498
0.10071439694514585
0.08815490466039534
0.07263338894244058
0.06750265349410456
0.07127244061314673
0.06887512124806877
0.06012157913344652
0.05574039576800452
0.06498159099464933
0.08518222651852901
0.10236742734575655
0.09955646083915347
0.09158189056812671
0.08967036189136905
0.09784087865743693
0.10301052416552343
0.09299815984937079
0.08640730437692379
0.09229716041913492
0.10331588555815888
0.11057282090061521
0.11400097373471778
0.11765844863654121
0.12976158040472033
0.13214445062075356
0.11961056147394071
0.12125591493908672
0.12892474907239704
0.13834572908773105
0.14669540740770273
0.1351937048819863
0.11949005654948017
0.10203910238663641
0.07946133792402252
0.056235804366127955
0.032031072339919524
0.020817804243023076
0.02168431591708879
0.023615052489856212
0.016361511342926197
-0.0011477768707264457
-0.006373123343188117
-0.0064407859135723455
-0.002609471901005154
-0.002830117152298879
-0.0018347159057080895
0.012430924703791773
0.013290834229925191
0.010480464319976294
0.016260440241085007
0.029218347639498397
0.044787248281109304
0.05480874344321247
0.07268058105226861
0.09873921489817723
0.1182128515558933
0.1263300657558986
0.1354804607756958
0.1415791454473552
0.13789558082897466
0.12924226262721847
0.13336869091865536
0.1399989412833999
0.14273146290983094
0.13998233130899018
0.13569238292155625
0.13919637113665825
0.13907104843894602
0.13815231548469564
0.13574515283407618
0.12109206818267457
0.10498080810581686
0.09395245595135993
0.09333680040141976
0.10055878898102108
0.09745429753089306
0.09065136517369272
0.09088188854996479
0.0850934214223801
0.07715649971503029
0.07938329795229562
0.09246842134674207
0.09545099681119439
0.09005616222787881
0.08424950074314444
0.08246689291418381
0.07617556452928831
0.056581585610440126
0.03823887350353049
0.038391331145960425
0.04610292076044789
0.05784111365811299
0.057160004248550285
0.04512059873931523
0.035855771371532695
0.020809833455607427
0.005179767252917696
0.0019624491117715974
0.005100171776350829
0.011888911391322855
0.03386552010321538
0.06006235019135685
0.07848619684778857
0.09078885398328045
0.08957400999442088
0.08757103969370648
0.08824978511518597
0.09302743588749786
0.10534459588325887
0.11351245992371861
0.10451565865548774
0.093636798444406
0.0914355290226336
0.09747649314832003
0.10321296170148955
0.10796927034503792
0.11769110310756814
0.12810169843952657
0.14251203951274602
0.15854433351251668
0.18423041839498658
0.20431317658557546
0.21787736275594405
0.22667178512557
0.23755844682631078
0.26237681409453867
0.2861429824452598
0.2954765180071394
0.2930652621578756
0.29119842965366716
0.294907615316676
0.2994296312733359
0.3051646343077295
0.30466604174201706
0.30080170766291753
0.2988517018047483
0.2912049271278726
0.28332714413426646
0.28464690808543247
0.27977817996732257
0.26866156243407346
0.25357634951649244
0.23968122226296198
0.2239833095066206
0.20779901678366938
0.1922728234996031
0.17786745336781315
0.16151723214571154
0.14125882879476617
0.1273880704646596
0.11706929491843415
0.10204517802426176
0.1070701930444473
0.12317561110637228
0.14070791002840788
0.14746687047649404
0.15583170497904772
0.16701403894752975
0.17639978476753615
0.17501130235151374
0.17778571352526948
0.1703432691426774
0.1400852816004962
0.12161415785478473
0.1132037605683119
0.10614274692867412
0.09458112071735238
0.08503665368343469
0.08224762014238099
0.08416960518279054
0.08396392297056342
0.08612499663178445
0.09466200301567664
0.09413239274113296
0.08777104836318021
0.07742530818795737
0.08156605965274477
0.09784629613967658
0.11560042814168656
0.12338222926752682
0.11083075170635664
0.09600844757164419
0.09624560881171083
0.10468342464147239
0.11201787062778076
0.12078913215963441
0.12986592010680983
0.1409470960231059
0.15195509686960917
0.15770271496233562
0.16034416385518432
0.1662028327387274
0.16784610289274016
0.16360680271731912
0.15909790620315908
0.15463390086095902
0.1539427460949855
0.1534651548173331
0.14692072646524584
0.13810205438884268
0.13218358593202162
0.14102767734205118
0.15349702134349563
0.15469418276044405
0.15343691769520687
0.1434696000483516
0.1281711839710986
0.11614331765056163
0.10909700993074399
0.09620754344554976
0.08741933415512515
0.07877657610697313
0.06234815794216118
0.046649870290864474
0.04376799839274217
0.04829625190222995
0.045333060190305495
0.03934033194816634
0.03496849319090715
0.022595071760043425
0.0127206237685325
0.012791875542952242
0.009881801608522202
-0.000323119243083273
-0.0057095563798974435
-0.0038442180900023245
0.007146748877098835
0.020294251609445268
0.02406096938869291
0.014523294685330748
-0.0040501242183623685
-0.018064250237657592
-0.0229638350098586
-0.02368102338725971
-0.0223987202017219
-0.025693258176759458
-0.03044665379474141
-0.02791559161587437
-0.027598385125912294
-0.035185784023086884
-0.038972874236773675
-0.056846839919081446
-0.07883956815773593
-0.08117858464955025
-0.07727918224553407
-0.06406177981259105
-0.04890693421115957
-0.06463486205185624
-0.11442869927592116
-0.1473617967781826
-0.13557616101005998
-0.115351734695572
-0.1257315284765616
-0.14762492840005934
-0.16647486812216394
-0.17456825654123498
-0.1718624445159493
-0.17685499598712265
-0.18113738679755229
-0.18154658981458513
-0.1547041895271299
-0.11228435544471815
-0.07266629171182212
-0.059877491772514765
-0.08263931406891331
-0.08384670362351387
-0.07318569708068226
-0.06404969788142333
-0.05213724637038865
-0.03460425459059026
-0.020054781109025612
-0.011686079964873473
-0.004791600818008827
-0.005512452815280072
-3.641006916683483e-05
0.017443136435170193
0.02892064074837994
0.023578856766621765
0.015054578365740602
0.005611199239385405
-0.0032754428110250405
-0.019092419686454764
-0.041407786892621576
-0.06699458774241315
-0.07490670213545358
-0.0636655615250054
-0.06410678776719912
-0.07451684601935728
-0.09727205906604681
-0.1223119866289612
-0.1387131080931097
-0.13629326137594666
-0.12510073768278412
-0.1097476396053087
-0.08366884961765092
-0.06938651108515488
-0.07104686828506442
-0.06287110391075465
-0.03348398618508095
-0.009151911880116933
0.003836486153553029
0.01814733066955384
0.023485887726615803
0.023089488450541984
0.02581079168378319
0.035732474620856956
0.05359564431964434
0.06071383744510388
0.05753818725112494
0.057487053089354846
0.058270846917177134
0.06049830178490805
0.06020622471454899
0.05879444365303449
0.06298188100778629
0.07376406747444934
0.0824056762825136
0.08344168411697234
0.08225343158907651
0.06852073726532286
0.04424812117000713
0.029193210452497946
0.021905510513402542
0.019817177644870402
0.023511213795632174
0.033186944694194864
0.035416027695063246
0.027175534576409453
0.030359113650578324
0.038921008160709626
0.0400879924766604
0.04325865103346159
0.03860646915355421
0.03151629712569253
0.02454712714273326
0.008179585944914384
-0.004787050591306961
-0.0016773928986112006
0.02022617502796419
0.04115329895000712
0.05691573551709539
0.07064784720318106
0.08333873037896529
0.0936710875819982
0.09595184814269477
0.09516529760653035
0.11106492840225375
0.12885104566441333
0.1391376787347873
0.14380489066522867
0.14876533435967956
0.15440551478725073
0.15074559530316675
0.14825286047311714
0.1533467977152602
0.1662561855902908
0.1864629285938963
0.204310836962984
0.21975490198225903
0.23085586748390532
0.23425025306367642
0.23907911595159737
0.24743255081686247
0.26484653028120453
0.28772401803088726
0.3168340843552269
0.33588542255556136
0.3233732378530319
0.31388637354112686
0.31000465433476115
0.30580408825859995
0.3056928268081289
0.31991680176500253
0.34893684305985134
0.3769202744967303
0.39308044985812884
0.40572140239108023
0.410961648500297
0.40675976966469224
0.39432396523765756
0.37565748285619427
0.35561682945296946
0.34165457938797983
0.3380037087177786
0.30742107395517965
0.2564037173610523
0.19787189656948168
0.1630766684198858
0.17916712155829603
0.19523124309668236
0.20925477818989383
0.22090404378054687
0.21888320602218067
0.20673900806273107
0.1879752003155884
0.16188446614258833
0.14868861815608078
0.13787524077317595
0.13031086015767576
0.1194223352220085
0.10710298033611344
0.10975930094457977
0.12999114617236915
0.15215174808634632
0.1661752226575386
0.17875182809756546
0.1853016028668148
0.19079096335930465
0.1978616518734481
0.2019169506512537
0.20743720118413153
0.20936733097342883
0.2052700083594785
0.21244204265921252
0.20471360559440274
0.18496172077364853
0.17088679507397633
0.16108643833746694
0.1563549763594732
0.15447692859604126
0.15573382375669367
0.13863279231952785
0.12178919130565785
0.11622734574607822
0.10886295466290034
0.08547167523157109
0.06624947337887685
0.06190329463189681
0.06291551881699516
0.04539164595940905
0.005202704616725409
-0.061120922106440934
-0.107243847556763
-0.10930147665340396
-0.1142563514475557
-0.11650434291087555
-0.09773613475626416
-0.0681885461099669
-0.05318428310083331
-0.06553909254036314
-0.08223117162938615
-0.08151634594738501
-0.06302082718168947
-0.04077059774962714
-0.021549444610010075
-0.019424481880491222
-0.001127850875611746
0.01340742531768811
0.02694162816457249
0.04547258591694128
0.04980139129512092
0.0594466550900875
0.08148148911756216
0.10385118363260118
0.11011068890211259
0.10891722674317243
0.11158284854471123
0.10749020564258277
0.09950620766467128
0.09016480972318158
0.09057627715521509
0.09637636782051952
0.09971618998968108
0.10949522589918839
0.10947152062197203
0.08847287527890457
0.06696544545630964
0.04896186962377612
0.052131106375267036
0.052143514203501
0.033169712288993194
0.01340861634316202
-0.0032866137517905143
-0.010810068395145502
-0.029583823970311184
-0.058693957501681694
-0.09503752596274402
-0.1284038795097168
-0.13467376513857834
-0.1446334838045112
-0.1499331631675032
-0.13685075174491015
-0.11938019145177368
-0.1175193325891691
-0.10254666782279667
-0.08579612713781012
-0.07969566941658339
-0.06679494481796641
-0.05009917371296521
-0.05150854432497427
-0.05152151821354167
-0.03605331249276745
-0.01084353015701215
0.01274938763882771
0.0329522101584939
0.05016973649597327
0.06660511405238947
0.08535940351025943
0.09205525545672608
0.09846793735379783
0.11444508769831835
0.13159576931266256
0.14315135768801282
0.15248188472326574
0.16209540115456728
0.16392045480348638
0.165033970057721
0.17022691143500554
0.1690026012595195
0.16404881757946174
0.15811638121884328
0.1519829110833809
0.13392811088046805
0.11495266062525675
0.09500047800043725
0.07021468408459917
0.04472872984501163
0.01835857920729347
-0.0029983453915402828
-0.008289002826017678
-0.0073936182469901
-0.011909635558727477
-0.014075701410600109
-0.014553794754164956
-0.020161751394134876
-0.028152475452192096
-0.0361650435583284

